ADDA,20210930,40,73,22,46,0
ADDC,20210930,18,23,-66,-12,0
ADDE,20210930,771,835,-1014,-1014,0
ADDN,20210930,583,688,-1018,-874,0
ADDQ,20210930,1043,1200,-396,-149,0
ADDS,20210930,146,256,-355,-285,0
ADDT,20210930,1666,1945,-1387,-977,0
ADDU,20210930,-40,-40,-400,-294,0
ADDV,20210930,53,53,-62,9,0
ADDX,20210930,217,284,-446,-288,0
ADRA,20210930,1.63,2.17,1.25,1.63,0
ADRC,20210930,1.21,1.25,0.67,0.93,0
ADRE,20210930,3.15,3.15,0.43,0.43,0
ADRN,20210930,1.85,2.04,0.33,0.4,0
ADRQ,20210930,2.2,2.37,0.77,0.91,0
ADRS,20210930,1.42,1.69,0.62,0.71,0
ADRT,20210930,2.03,2.22,0.59,0.69,0
ADRU,20210930,0.95,0.95,0.81,0.87,0
ADRV,20210930,1.28,1.28,0.86,1.02,0
ADRX,20210930,1.35,1.39,0.71,0.82,0
ADVA,20210930,103,135,102,119,703252400
ADVC,20210930,100,171,100,168,27626800
ADVE,20210930,1128,1281,779,779,936254200
ADVN,20210930,1263,1347,519,597,1271179000
ADVQ,20210930,1912,2073,1381,1541,3445451000
ADVS,20210930,488,727,488,727,216060300
ADVT,20210930,3278,3538,2010,2257,5419882000
ADVU,20210930,796,2152,796,2129,11089630000
ADVV,20210930,239,439,239,439,70070400
ADVX,20210930,827,1334,827,1334,313757500
AEX,20210930,782.67,785.18,771.79,771.94,0
AMX,20210930,1075.93,1080.32,1065.06,1065.73,0
AORD,20210930,7500.2,7629.7,7500.2,7629.7,0
ASHD,20210930,88,1434,15,1351,0
ASHF,20210930,173,769,-599,-518,0
ASHR,20210930,2.96,3.11,0.57,0.61,0
ASHU,20210930,261,1206,39,833,0
ATX,20210930,3650.55,3687.91,3650.55,3658.93,0
AVDA,20210930,58.2,669.15,58.2,669.15,0
AVDC,20210930,1.09,4.19,-10.02,-5.54,0
AVDE,20210930,12.67,84.53,-517.07,-421.06,0
AVDN,20210930,11.68,93.87,-1625.57,-1625.57,0
AVDQ,20210930,276.11,2736.45,276.11,1670.46,0
AVDS,20210930,2.03,73.03,-3.09,17.98,0
AVDT,20210930,346,3100.9,346,714.04,0
AVDU,20210930,-143.12,8475.24,-213.3,3130.04,0
AVDV,20210930,-0.08,-0.08,-25.56,-14.85,0
AVDX,20210930,3.04,45.38,-16.1,-2.4,0
AVLD,20210930,2.04,1048.39,0.15,629.99,0
AVLF,20210930,2.65,532.19,-138.23,-12.54,0
AVLR,20210930,2.3,13.51,0.79,0.98,0
AVLU,20210930,4.69,1227.62,2.09,617.45,0
AVRA,20210930,12.24,22.28,10.47,20.62,0
AVRC,20210930,1.65,2,0.63,0.83,0
AVRE,20210930,1.56,1.71,0.57,0.68,0
AVRN,20210930,1.24,1.66,0.43,0.43,0
AVRQ,20210930,5.25,5.25,1.92,1.94,0
AVRS,20210930,1.42,2.32,0.92,1.09,0
AVRT,20210930,3.94,3.94,1.14,1.15,0
AVRU,20210930,0.58,2.02,0.58,1.39,0
AVRV,20210930,0.98,0.98,0.6,0.82,0
AVRX,20210930,1.26,1.47,0.87,0.99,0
AVVA,20210930,63.37,703.25,63.37,703.25,0
AVVC,20210930,2.76,27.62,2.76,27.62,0
AVVE,20210930,34.99,936.25,34.99,936.25,0
AVVN,20210930,59.18,1431.39,59.18,1271.17,0
AVVQ,20210930,340.97,3573.34,340.97,3445.45,0
AVVS,20210930,6.77,216.06,6.77,216.06,0
AVVT,20210930,463.53,5643.27,463.53,5419.88,0
AVVU,20210930,199.19,16708.57,199.19,11089.62,0
AVVV,20210930,5.02,70.07,5.02,70.07,0
AVVX,20210930,14.56,313.75,14.56,313.75,0
AXJO,20210930,7196.7,7332.2,7196.7,7332.2,0
BANK,20210930,4797.17,4806.96,4717.23,4717.25,0
BCMA,20210930,2786,3008,1566,1639,0
BCMC,20210930,100.21,100.43,99.99,100.11,0
BCMD,20210930,1285,2806,1198,2764,0
BCME,20210930,265,332,247,282,0
BCMF,20210930,225,366,204,345,0
BCMG,20210930,48,48,23,30,0
BCMM,20210930,100.35,100.56,99.56,99.63,0
BCMU,20210930,169,169,69,97,0
BDMA,20210930,1901,2017,1901,2017,0
BDMC,20210930,99.37,99.48,99.37,99.47,0
BDMD,20210930,2269,2398,2269,2396,0
BDME,20210930,204,259,204,259,0
BDMF,20210930,306,361,306,361,0
BDMG,20210930,27,34,27,34,0
BDMM,20210930,99.47,99.49,99.47,99.49,0
BDMU,20210930,70,87,70,87,0
BEL,20210930,4151.6,4171.17,4138.94,4158.89,0
BFMA,20210930,3340,3510,3340,3509,0
BFMC,20210930,100.41,100.43,100.39,100.43,0
BFMD,20210930,832,915,832,915,0
BFME,20210930,267,339,267,339,0
BFMF,20210930,242,278,242,278,0
BFMG,20210930,26,34,26,34,0
BFMM,20210930,101.62,101.62,101.57,101.57,0
BFMU,20210930,68,78,68,76,0
BGMA,20210930,2414,2546,2414,2545,0
BGMC,20210930,100.44,100.44,100.32,100.32,0
BGMD,20210930,1731,1849,1731,1848,0
BGME,20210930,283,329,283,329,0
BGMF,20210930,226,284,226,284,0
BGMG,20210930,24,35,24,35,0
BGMM,20210930,100.5,100.5,100.49,100.49,0
BGMU,20210930,94,106,94,106,0
BKX,20210930,132.99,133.17,130.43,130.45,0
BTK,20210930,5651.59,5739.03,5651.59,5679.05,0
BUX,20210930,52009.94,53011.56,52009.94,52854.65,0
BVSP,20210930,111117,112371,110743,110979,0
BWH,20210930,262.56,270.42,261.18,268.2,0
CAC,20210930,6615.99,6621.75,6509.23,6520.01,0
CASH,20210930,1,1,1,1,0
COMP,20210930,14587.25,14632.23,14444.3,14448.58,0
CPC,20210930,1.09,1.09,1.09,1.09,0
CPCI,20210930,1.61,1.61,1.61,1.61,0
CPCS,20210930,0.84,0.84,0.84,0.84,0
CSE,20210930,1212.43,1230.89,1176.54,1228.56,0
CYM,20210930,23.97,24.04,23.76,23.76,0
DAX,20210930,15434.33,15448.52,15246,15260.69,0
DCFD,20210930,36.92,43.07,6.15,6.15,0
DCFI,20210930,32.3,33.84,20,21.53,0
DCOF,20210930,32.3,33.84,20,23.07,0
DCOH,20210930,36.92,40,27.69,27.69,0
DCSE,20210930,62425.44,62851.07,61918.46,61918.46,0
DCTH,20210930,52.3,52.3,41.53,41.53,0
DCTW,20210930,27.69,27.69,21.53,23.07,0
DECA,20210930,63,86,61,73,34098900
DECC,20210930,82,201,82,180,33171400
DECE,20210930,357,1793,357,1793,1357320000
DECN,20210930,680,1537,659,1471,2896757000
DECQ,20210930,869,1777,869,1690,1774982000
DECS,20210930,342,1012,342,1012,198074200
DECT,20210930,1612,3397,1593,3234,4705838000
DECU,20210930,836,2466,836,2423,7959580000
DECV,20210930,186,454,186,430,84921300
DECX,20210930,610,1650,610,1622,316167000
DIFD,20210930,40,46.66,6.66,6.66,0
DIFI,20210930,36.66,40,16.66,16.66,0
DIOF,20210930,40,43.33,26.66,26.66,0
DIOH,20210930,46.66,53.33,33.33,33.33,0
DITH,20210930,53.33,53.33,46.66,46.66,0
DITW,20210930,33.33,33.33,23.33,23.33,0
DJC,20210930,11275.45,11292.26,11078.01,11080.34,502719500
DJEC,20210930,2443.52,2472.93,2438.24,2446.35,0
DJI,20210930,34467.98,34556.09,33833.32,33843.92,356201900
DJT,20210930,14266.45,14289.84,14000.97,14002.42,90165600
DJU,20210930,884.6,885.74,874.4,874.63,56351900
DJWO,20210930,546.84,549.48,544.01,544.01,0
DLTC,20210930,3969.87,3990.35,3929.75,3930.53,0
DOWE,20210930,1948.97,1963.47,1936.83,1943.04,0
DRCI,20210930,324.88,324.88,318.26,318.27,0
DREI,20210930,452.91,452.91,443.48,443.49,0
DSAE,20210930,1513.3,1517.97,1489.63,1490.24,73554000
DSAF,20210930,1460.69,1478.15,1441.33,1441.91,7843300
DSAG,20210930,290.61,291.06,283.95,283.98,28262900
DSAI,20210930,1025.75,1030.4,1007.38,1007.53,12704300
DSAL,20210930,171.56,172.41,167.15,167.19,6043800
DSAM,20210930,2920.5,2947.56,2885.99,2886.67,44824600
DSAP,20210930,1151.09,1159.23,1141.74,1141.78,131589800
DSAR,20210930,207.68,207.68,202.65,204.21,61729600
DSAS,20210930,1572.01,1576.96,1543.42,1544.1,68175700
DSAT,20210930,601.67,602.25,590.09,590.09,17060700
DSAU,20210930,988.39,996.74,981.86,981.95,114529000
DSAV,20210930,712.58,716.71,707.54,708.1,12761400
DSBC,20210930,1962.48,1973.21,1943.89,1946.56,214817900
DSBD,20210930,1639.95,1645.95,1601.2,1601.22,37095700
DSBE,20210930,213.65,214.45,210.71,210.83,3802200
DSBK,20210930,589.74,589.74,577.23,578.54,203893600
DSBM,20210930,507.59,510.64,498.84,498.9,125473300
DSBS,20210930,270.84,274.12,267.63,267.63,78667500
DSBT,20210930,2870.88,2902.64,2861.22,2862.01,91784500
DSBV,20210930,874.26,875.87,860.75,860.82,35740000
DSCA,20210930,822.82,823.78,809.63,814.87,37831800
DSCC,20210930,637.01,639.18,624.18,624.3,16145500
DSCF,20210930,404.87,404.87,391.54,392.61,47197500
DSCG,20210930,1465.02,1465.02,1443.9,1447.24,198989600
DSCH,20210930,808.59,812.13,793.24,793.38,46805800
DSCM,20210930,723.81,725.27,706.95,707,20628600
DSCN,20210930,1250.23,1254.27,1221.17,1221.19,41893800
DSCP,20210930,513.17,514.02,503.39,503.39,20379600
DSCR,20210930,7217.75,7254.86,7103.3,7110.81,131779000
DSCS,20210930,2197.89,2200.5,2157.76,2157.93,9332500
DSCT,20210930,1590.16,1592.87,1554.06,1554.15,50760900
DSCX,20210930,1181.78,1189.32,1160.85,1161.07,30660200
DSCY,20210930,1612.07,1614.13,1588.45,1589.58,660699700
DSDB,20210930,597.5,600.95,586.75,588.07,2129000
DSDN,20210930,477.04,479.15,471.13,471.3,5378300
DSDR,20210930,947.95,947.95,930.15,930.21,29005300
DSDS,20210930,482.32,482.88,470.25,470.25,5002800
DSDT,20210930,66.06,66.09,64.91,64.92,2481000
DSDV,20210930,200.04,200.83,198.17,198.55,17098400
DSEC,20210930,516.38,519.94,509.55,509.68,40791700
DSEE,20210930,665.01,668.69,654.42,654.55,53496100
DSEH,20210930,70.07,71.03,69.54,69.58,152600
DSEN,20210930,444.31,445.93,438.29,438.36,329220700
DSES,20210930,351.14,352.1,346.74,349.15,14690300
DSEU,20210930,303.81,304,299.82,300.31,95233100
DSFA,20210930,859.86,869.96,856.14,859.19,47804700
DSFB,20210930,708.04,708.96,696.25,696.35,87375900
DSFC,20210930,124.73,124.84,122.7,122.7,45476400
DSFD,20210930,742.2,742.2,731.19,731.26,14958800
DSFE,20210930,930.99,933.06,906.21,906.32,24579500
DSFH,20210930,493.93,494.28,475,475.09,3482000
DSFI,20210930,1680.02,1681.67,1642.13,1642.66,130140900
DSFN,20210930,824.75,824.77,808.38,808.45,573005100
DSFO,20210930,432.93,433.77,425.03,425.12,51635900
DSFP,20210930,599.02,600.18,588.09,588.22,51635900
DSFT,20210930,2659.69,2687.99,2627.43,2638.13,15094700
DSFV,20210930,950.47,950.47,930.53,930.64,0
DSGF,20210930,1883.09,1884.93,1840.62,1841.22,130140900
DSGI,20210930,563.56,564.79,550.12,550.16,38023700
DSGT,20210930,2500.55,2501.75,2454.49,2456.27,198794300
DSGU,20210930,267.36,267.41,263.43,263.69,8437500
DSHB,20210930,1409.34,1419.15,1363.62,1363.82,9569800
DSHC,20210930,1429.53,1440.57,1411.3,1411.62,274575500
DSHD,20210930,306.07,307.87,292.13,292.19,8188000
DSHG,20210930,934.11,938.28,913.03,913.16,31379400
DSHI,20210930,737,737.58,716.49,717.15,9715100
DSHL,20210930,86.8,87.06,84.52,84.73,7586000
DSHN,20210930,1110.58,1115.34,1092.87,1093.04,10139400
DSHP,20210930,2815.36,2827.7,2743.59,2744.17,46762600
DSHR,20210930,3149.27,3155.7,3038.66,3039.22,25593700
DSHV,20210930,753.14,755.74,738.31,738.56,4798100
DSIB,20210930,559.09,559.77,549.89,549.95,7048900
DSID,20210930,595.81,597.28,580.57,580.65,17644100
DSIF,20210930,55.74,55.81,54.55,54.57,6822300
DSIG,20210930,1113.93,1117.49,1094.74,1094.91,331819800
DSIL,20210930,926.32,928.91,908.46,910.48,22869000
DSIM,20210930,358.32,363.26,352.37,352.37,69583600
DSIN,20210930,1055.05,1058.41,1036.29,1036.43,373713700
DSIO,20210930,129.57,129.57,127.19,127.2,25574300
DSIP,20210930,1048.17,1052.12,1029.53,1029.56,20750600
DSIQ,20210930,2920.51,2926.87,2832.32,2832.76,50173300
DSIR,20210930,814.17,816.51,800.52,800.54,63751800
DSIS,20210930,931.81,938.58,923.46,925.06,83844000
DSIT,20210930,1529.41,1535.08,1498.61,1498.85,32728400
DSIU,20210930,347.03,348.26,341.63,341.68,6260800
DSIV,20210930,1087.88,1091.37,1071.77,1072.77,22797300
DSIX,20210930,782.03,784.34,768.96,768.99,40882700
DSLE,20210930,842.41,846.47,838.47,838.84,66974200
DSLG,20210930,2629.35,2629.89,2561.46,2564.13,7134900
DSLW,20210930,1574.24,1576.66,1550.21,1550.28,0
DSMC,20210930,2368.4,2384.27,2328.03,2328.51,98357700
DSME,20210930,1326.07,1333.11,1313.8,1315.14,233910200
DSMF,20210930,8.63,8.64,8.45,8.45,11017000
DSMG,20210930,111.34,113.13,111.21,111.3,9083800
DSMR,20210930,43.3,43.44,42.77,42.78,33413800
DSMS,20210930,1495.22,1506.11,1465.43,1465.67,6770300
DSMT,20210930,161.43,163.34,157.36,157.43,561900
DSMU,20210930,224.79,224.95,221.9,221.95,13061300
DSNC,20210930,923.55,925.14,907.35,907.44,427142600
DSNF,20210930,442.91,451.47,435.15,435.15,23041600
DSNG,20210930,1005.42,1007.96,981.9,982.01,208176800
DSNS,20210930,3602.56,3628.21,3587.08,3591.06,81151900
DSOG,20210930,503.44,505.41,496.52,496.59,234360300
DSOI,20210930,184.77,184.77,180.01,181.19,43002300
DSOL,20210930,435.33,436.36,427.55,427.6,65742600
DSOQ,20210930,282.6,282.98,277.42,278.21,79377500
DSOS,20210930,630.62,635.72,621.89,624.9,168617700
DSPB,20210930,655.32,657.73,647.42,647.42,6330800
DSPC,20210930,441.11,442.91,433.71,433.71,4436700
DSPG,20210930,872.67,875.19,856.09,856.2,82920900
DSPL,20210930,604.03,606.5,596.58,596.64,36375200
DSPM,20210930,120.17,122.05,119.89,120.12,7298300
DSPN,20210930,1029.76,1038.95,1021.42,1021.68,176217700
DSPR,20210930,713.07,719.23,704.05,704.3,84433200
DSRA,20210930,1207.29,1207.29,1145.71,1145.9,59747400
DSRB,20210930,3406.98,3416.93,3362.43,3369.79,19181200
DSRD,20210930,823.95,825.1,794.98,794.98,14046500
DSRE,20210930,406.49,406.49,398.57,398.58,175218600
DSRH,20210930,737.19,739.13,728.29,733,14843000
DSRI,20210930,165.2,165.2,161.82,161.82,160375500
DSRL,20210930,95.83,95.83,93.12,93.12,19205500
DSRN,20210930,287.86,287.98,282.14,282.33,15935900
DSRP,20210930,647.9,649.44,625.44,625.53,4990000
DSRQ,20210930,107.6,107.6,105.53,106.17,46478000
DSRR,20210930,3019.2,3021.78,2939.81,2939.95,16250000
DSRS,20210930,2920.56,2927.61,2859.97,2863.29,100818000
DSRT,20210930,2190.47,2191.35,2150.66,2151.46,227799700
DSRU,20210930,2529.16,2537.49,2494.13,2494.24,19290900
DSSB,20210930,1916.34,1919.34,1868.95,1869.65,36644000
DSSC,20210930,7468.9,7527.17,7414.91,7414.91,173351700
DSSD,20210930,813.48,814.85,801.13,801.18,31527000
DSSF,20210930,509.25,510.1,497.34,497.55,39053800
DSSP,20210930,570.82,573.03,561.74,561.91,15163000
DSSR,20210930,281.17,281.28,275.32,275.32,56178600
DSST,20210930,362.71,368.27,357.31,357.35,40498100
DSSV,20210930,5176.55,5210.76,5142.22,5144.97,305587300
DSSW,20210930,5408.84,5446.01,5359.36,5365.6,207336900
DSTB,20210930,733.63,733.63,692.63,695.32,26902000
DSTC,20210930,4223.42,4246.61,4186.82,4187.54,661479200
DSTK,20210930,1371.82,1383.05,1345.53,1345.71,7088200
DSTL,20210930,163.75,163.83,161.82,161.82,68876600
DSTP,20210930,1080.76,1082.87,1065.38,1065.46,0
DSTQ,20210930,3717.34,3733.83,3671.6,3672.42,355891800
DSTS,20210930,363.21,369.36,360.93,363.71,984800
DSTT,20210930,834.9,841.26,824.55,832.34,26524100
DSTY,20210930,1189.17,1203.38,1184.05,1192.72,61984200
DSUO,20210930,322.27,322.28,317.97,318.03,23012200
DSUT,20210930,319.15,319.29,315.05,315.33,118245300
DSVE,20210930,304.18,304.37,300.19,300.68,95233100
DSVN,20210930,480.01,482.16,471.3,471.46,2084000
DSWC,20210930,394.56,394.67,391.07,391.12,23400100
DSWU,20210930,3489.3,3493.56,3436.91,3438.11,1513400
DTCI,20210930,2139.5,2147.98,2104.22,2104.24,0
DTEI,20210930,2606.39,2606.39,2552.14,2552.17,0
DTFD,20210930,15,25,0.01,0.01,0
DTFI,20210930,50,50,40,45,0
DTFX,20210930,125.5,125.91,125.33,125.75,0
DTOF,20210930,30,30,15,20,0
DTOH,20210930,25,25,20,20,0
DTTH,20210930,45,45,35,35,0
DTTW,20210930,40,40,35,40,0
DTWC,20210930,26610.58,26705.21,26200.81,26205.76,0
DTWI,20210930,80641.18,81022.56,79339.01,79359.02,0
DTWT,20210930,23519.16,23595.12,23120.05,23121.09,0
DTWU,20210930,4115.38,4131.18,4078.9,4079.66,0
DUBS,20210930,99.66,100.93,99.27,100.75,0
DUFD,20210930,60,60,13.33,13.33,0
DUFI,20210930,0.01,6.66,0.01,0.01,0
DUOF,20210930,20,20,13.33,20,0
DUOH,20210930,33.33,33.33,26.66,26.66,0
DUSL,20210930,953.64,955.92,940.15,940.23,0
DUSM,20210930,1607.45,1609.8,1584.02,1584.11,0
DUSS,20210930,1520.36,1522.89,1495.32,1495.34,0
DUTH,20210930,60,60,40,40,0
DUTW,20210930,0.01,0.01,0.01,0.01,0
DVCA,20210930,5.17,34.14,5.17,34.09,0
DVCC,20210930,1.67,33.96,1.67,33.17,0
DVCE,20210930,22.32,1368.8,22.32,1357.32,0
DVCN,20210930,47.49,2896.75,47.49,2896.75,0
DVCQ,20210930,64.85,1774.98,64.85,1774.98,0
DVCS,20210930,4.74,198.07,4.74,198.07,0
DVCT,20210930,117.52,4705.83,117.52,4705.83,0
DVCU,20210930,342.31,10900.12,342.31,7959.57,0
DVCV,20210930,5.1,87.73,5.1,84.92,0
DVCX,20210930,11.52,316.6,11.52,316.16,0
DWCB,20210930,6929.3,6929.3,6792.31,6803.18,0
ESFD,20210930,37.89,44.26,7.32,7.32,0
ESFI,20210930,35.66,35.98,22.61,22.61,0
ESOF,20210930,47.45,48.4,36.3,36.3,0
ESOH,20210930,57.32,57.96,47.77,47.77,0
ESTH,20210930,66.24,66.56,59.23,59.23,0
ESTW,20210930,34.71,36.62,22.29,22.29,0
FBV,20210930,24.85,24.97,24.85,24.92,0
GMI,20210930,29.01,29.83,29,29.44,0
GNX,20210930,554.51,560.31,549.07,557.7,0
HGX,20210930,455.63,455.63,440.8,440.84,0
HIGA,20210930,2,2,2,2,0
HIGC,20210930,4,4,4,4,0
HIGD,20210930,0.01,0.01,0.01,0.01,0
HIGE,20210930,16,16,16,16,0
HIGN,20210930,35,35,35,35,0
HIGQ,20210930,40,40,40,40,0
HIGS,20210930,14,14,14,14,0
HIGU,20210930,83,83,83,83,0
HIGV,20210930,6,6,6,6,0
HSCE,20210930,8663.47,8760.98,8609.84,8726.38,0
HSI,20210930,24494.26,24660.68,24346.75,24575.64,0
HUI,20210930,224.92,233.05,224.92,229.47,0
HVX,20210930,145.41,146.29,143.18,143.18,0
IDX,20210930,2688.68,2695.24,2640.43,2640.54,494204200
INDS,20210930,10911.57,10932.36,10798.59,10805.24,0
INSR,20210930,10845.13,10882.47,10748.58,10748.58,0
IQX,20210930,6187.13,6207.17,6085.89,6086.19,0
IQZ,20210930,15510.95,15555.63,15232.22,15232.38,0
IVX,20210930,1464.96,1466.69,1437.33,1437.51,0
IXB,20210930,852.49,855.69,836.52,836.57,0
IXCO,20210930,10649.05,10700.06,10541.84,10548.07,0
IXE,20210930,554.94,555.76,546.24,546.28,0
IXF,20210930,6393.49,6412.03,6283.39,6284.33,0
IXHC,20210930,1244.34,1250.73,1238.61,1238.8,0
IXI,20210930,1009.05,1010.41,985.14,985.31,0
IXM,20210930,471.88,472.8,462.95,462.98,0
IXR,20210930,708.57,709.32,693.8,694.1,0
IXTC,20210930,519.32,520.42,513.64,513.68,0
IXU,20210930,654.39,654.99,646.4,647.15,0
IXV,20210930,1306.86,1315.41,1286.48,1286.74,0
IXY,20210930,1845.35,1846.38,1813.95,1814.37,0
JKSE,20210930,6162.55,6286.94,6162.55,6286.94,0
JX,20210930,861.1,861.37,856.37,858.87,75462100
KDX,20210930,117.96,118.35,116.55,116.55,0
KIX,20210930,361.74,362.78,354.64,354.72,0
KLSE,20210930,1546.43,1549.36,1532.56,1537.8,0
KLX,20210930,55.12,56.37,55.12,55.2,0
KPX,20210930,871.65,875.5,856.36,856.61,0
KRX,20210930,124.66,124.89,122.47,122.48,0
KSI,20210930,399.41,402.9,397.98,401.3,0
KSIC,20210930,3054.87,3079.43,3046.43,3068.82,0
KSX,20210930,613.05,614.51,600.35,600.53,0
KYX,20210930,61.09,61.09,60.01,60.02,0
LOWA,20210930,2,2,2,2,0
LOWC,20210930,3,3,3,3,0
LOWD,20210930,0.01,0.01,0.01,0.01,0
LOWE,20210930,55,55,55,55,0
LOWN,20210930,27,27,27,27,0
LOWQ,20210930,76,76,76,76,0
LOWS,20210930,11,11,11,11,0
LOWU,20210930,117,117,117,117,0
LOWV,20210930,3,3,3,3,0
M1DA,20210930,-20,-20,-20,-20,19600
M1DB,20210930,-8,-8,-8,-8,2800
M1DC,20210930,-136,-136,-136,-136,194300
M1DE,20210930,-648,-648,-648,-648,216600
M1DF,20210930,1,1,1,1,5800
M1DG,20210930,-210,-210,-210,-210,100200
M1DH,20210930,-318,-318,-318,-318,429500
M1DI,20210930,-28,-28,-28,-28,7300
M1DJ,20210930,-7,-7,-7,-7,2800
M1DK,20210930,-26,-26,-26,-26,7400
M1DL,20210930,-196,-196,-196,-196,345300
M1DM,20210930,-10,-10,-10,-10,3200
M1DN,20210930,-186,-186,-186,-186,209400
M1DO,20210930,-31,-31,-31,-31,10000
M1DP,20210930,-137,-137,-137,-137,49600
M1DQ,20210930,-308,-308,-308,-308,329600
M1DR,20210930,-5,-5,-5,-5,2900
M1DS,20210930,-25,-25,-25,-25,6300
M1DT,20210930,2,2,2,2,2200
M1DU,20210930,31,31,31,31,343400
M1DV,20210930,-545,-545,-545,-545,431400
M1DW,20210930,-3,-3,-3,-3,2600
M1DX,20210930,-514,-514,-514,-514,558600
M1DY,20210930,-26,-26,-26,-26,6300
M1DZ,20210930,-312,-312,-312,-312,264200
M1HA,20210930,10,10,10,10,19600
M1HB,20210930,0.01,0.01,0.01,0.01,2800
M1HC,20210930,151,151,151,151,194300
M1HE,20210930,70,70,70,70,216600
M1HF,20210930,6,6,6,6,5800
M1HG,20210930,39,39,39,39,100200
M1HH,20210930,260,260,260,260,429500
M1HI,20210930,0.01,0.01,0.01,0.01,7300
M1HJ,20210930,0.01,0.01,0.01,0.01,2800
M1HK,20210930,0.01,0.01,0.01,0.01,7400
M1HL,20210930,178,178,178,178,345300
M1HM,20210930,0.01,0.01,0.01,0.01,3200
M1HN,20210930,162,162,162,162,209400
M1HO,20210930,2,2,2,2,10000
M1HP,20210930,12,12,12,12,49600
M1HQ,20210930,266,266,266,266,329600
M1HR,20210930,0.01,0.01,0.01,0.01,2900
M1HS,20210930,2,2,2,2,6300
M1HT,20210930,2,2,2,2,2200
M1HU,20210930,181,181,181,181,343400
M1HV,20210930,257,257,257,257,431400
M1HW,20210930,3,3,3,3,2600
M1HX,20210930,438,438,438,438,558600
M1HY,20210930,0.01,0.01,0.01,0.01,6300
M1HZ,20210930,171,171,171,171,264200
M1LA,20210930,30,30,30,30,19600
M1LB,20210930,8,8,8,8,2800
M1LC,20210930,287,287,287,287,194300
M1LE,20210930,718,718,718,718,216600
M1LF,20210930,5,5,5,5,5800
M1LG,20210930,249,249,249,249,100200
M1LH,20210930,578,578,578,578,429500
M1LI,20210930,28,28,28,28,7300
M1LJ,20210930,7,7,7,7,2800
M1LK,20210930,26,26,26,26,7400
M1LL,20210930,374,374,374,374,345300
M1LM,20210930,10,10,10,10,3200
M1LN,20210930,348,348,348,348,209400
M1LO,20210930,33,33,33,33,10000
M1LP,20210930,149,149,149,149,49600
M1LQ,20210930,574,574,574,574,329600
M1LR,20210930,5,5,5,5,2900
M1LS,20210930,27,27,27,27,6300
M1LT,20210930,0.01,0.01,0.01,0.01,2200
M1LU,20210930,150,150,150,150,343400
M1LV,20210930,802,802,802,802,431400
M1LW,20210930,6,6,6,6,2600
M1LX,20210930,952,952,952,952,558600
M1LY,20210930,26,26,26,26,6300
M1LZ,20210930,483,483,483,483,264200
M3DA,20210930,-14,-14,-14,-14,19600
M3DB,20210930,-1,-1,-1,-1,2800
M3DC,20210930,-61,-61,-61,-61,194300
M3DE,20210930,-235,-235,-235,-235,216600
M3DF,20210930,6,6,6,6,5800
M3DG,20210930,-96,-96,-96,-96,100200
M3DH,20210930,-112,-112,-112,-112,429500
M3DI,20210930,-15,-15,-15,-15,7300
M3DJ,20210930,-2,-2,-2,-2,2800
M3DK,20210930,-11,-11,-11,-11,7400
M3DL,20210930,-140,-140,-140,-140,345300
M3DM,20210930,-6,-6,-6,-6,3200
M3DN,20210930,-80,-80,-80,-80,209400
M3DO,20210930,-15,-15,-15,-15,10000
M3DP,20210930,-55,-55,-55,-55,49600
M3DQ,20210930,-158,-158,-158,-158,329600
M3DR,20210930,-3,-3,-3,-3,2900
M3DS,20210930,-9,-9,-9,-9,6300
M3DT,20210930,1,1,1,1,2200
M3DU,20210930,15,15,15,15,343400
M3DV,20210930,-267,-267,-267,-267,431400
M3DW,20210930,0.01,0.01,0.01,0.01,2600
M3DX,20210930,-252,-252,-252,-252,558600
M3DY,20210930,-14,-14,-14,-14,6300
M3DZ,20210930,-135,-135,-135,-135,264200
M3HA,20210930,6,6,6,6,19600
M3HB,20210930,0.01,0.01,0.01,0.01,2800
M3HC,20210930,87,87,87,87,194300
M3HE,20210930,35,35,35,35,216600
M3HF,20210930,6,6,6,6,5800
M3HG,20210930,27,27,27,27,100200
M3HH,20210930,154,154,154,154,429500
M3HI,20210930,0.01,0.01,0.01,0.01,7300
M3HJ,20210930,0.01,0.01,0.01,0.01,2800
M3HK,20210930,0.01,0.01,0.01,0.01,7400
M3HL,20210930,78,78,78,78,345300
M3HM,20210930,0.01,0.01,0.01,0.01,3200
M3HN,20210930,88,88,88,88,209400
M3HO,20210930,2,2,2,2,10000
M3HP,20210930,10,10,10,10,49600
M3HQ,20210930,138,138,138,138,329600
M3HR,20210930,0.01,0.01,0.01,0.01,2900
M3HS,20210930,1,1,1,1,6300
M3HT,20210930,1,1,1,1,2200
M3HU,20210930,89,89,89,89,343400
M3HV,20210930,143,143,143,143,431400
M3HW,20210930,3,3,3,3,2600
M3HX,20210930,232,232,232,232,558600
M3HY,20210930,0.01,0.01,0.01,0.01,6300
M3HZ,20210930,103,103,103,103,264200
M3LA,20210930,20,20,20,20,19600
M3LB,20210930,1,1,1,1,2800
M3LC,20210930,148,148,148,148,194300
M3LE,20210930,270,270,270,270,216600
M3LF,20210930,0.01,0.01,0.01,0.01,5800
M3LG,20210930,123,123,123,123,100200
M3LH,20210930,266,266,266,266,429500
M3LI,20210930,15,15,15,15,7300
M3LJ,20210930,2,2,2,2,2800
M3LK,20210930,11,11,11,11,7400
M3LL,20210930,218,218,218,218,345300
M3LM,20210930,6,6,6,6,3200
M3LN,20210930,168,168,168,168,209400
M3LO,20210930,17,17,17,17,10000
M3LP,20210930,65,65,65,65,49600
M3LQ,20210930,296,296,296,296,329600
M3LR,20210930,3,3,3,3,2900
M3LS,20210930,10,10,10,10,6300
M3LT,20210930,0.01,0.01,0.01,0.01,2200
M3LU,20210930,74,74,74,74,343400
M3LV,20210930,410,410,410,410,431400
M3LW,20210930,3,3,3,3,2600
M3LX,20210930,484,484,484,484,558600
M3LY,20210930,14,14,14,14,6300
M3LZ,20210930,238,238,238,238,264200
M5DA,20210930,-29,-29,-29,-29,19600
M5DB,20210930,-13,-13,-13,-13,2800
M5DC,20210930,-434,-434,-434,-434,194300
M5DE,20210930,-1090,-1090,-1090,-1090,216600
M5DF,20210930,-12,-12,-12,-12,5800
M5DG,20210930,-405,-405,-405,-405,100200
M5DH,20210930,-838,-838,-838,-838,429500
M5DI,20210930,-57,-57,-57,-57,7300
M5DJ,20210930,-8,-8,-8,-8,2800
M5DK,20210930,-41,-41,-41,-41,7400
M5DL,20210930,-402,-402,-402,-402,345300
M5DM,20210930,-10,-10,-10,-10,3200
M5DN,20210930,-485,-485,-485,-485,209400
M5DO,20210930,-47,-47,-47,-47,10000
M5DP,20210930,-236,-236,-236,-236,49600
M5DQ,20210930,-726,-726,-726,-726,329600
M5DR,20210930,-10,-10,-10,-10,2900
M5DS,20210930,-23,-23,-23,-23,6300
M5DT,20210930,1,1,1,1,2200
M5DU,20210930,-109,-109,-109,-109,343400
M5DV,20210930,-1131,-1131,-1131,-1131,431400
M5DW,20210930,-10,-10,-10,-10,2600
M5DX,20210930,-1240,-1240,-1240,-1240,558600
M5DY,20210930,-51,-51,-51,-51,6300
M5DZ,20210930,-754,-754,-754,-754,264200
M5HA,20210930,30,30,30,30,19600
M5HB,20210930,2,2,2,2,2800
M5HC,20210930,303,303,303,303,194300
M5HE,20210930,215,215,215,215,216600
M5HF,20210930,10,10,10,10,5800
M5HG,20210930,98,98,98,98,100200
M5HH,20210930,557,557,557,557,429500
M5HI,20210930,3,3,3,3,7300
M5HJ,20210930,1,1,1,1,2800
M5HK,20210930,6,6,6,6,7400
M5HL,20210930,386,386,386,386,345300
M5HM,20210930,2,2,2,2,3200
M5HN,20210930,371,371,371,371,209400
M5HO,20210930,9,9,9,9,10000
M5HP,20210930,42,42,42,42,49600
M5HQ,20210930,542,542,542,542,329600
M5HR,20210930,1,1,1,1,2900
M5HS,20210930,10,10,10,10,6300
M5HT,20210930,2,2,2,2,2200
M5HU,20210930,371,371,371,371,343400
M5HV,20210930,572,572,572,572,431400
M5HW,20210930,6,6,6,6,2600
M5HX,20210930,943,943,943,943,558600
M5HY,20210930,0.01,0.01,0.01,0.01,6300
M5HZ,20210930,366,366,366,366,264200
M5LA,20210930,59,59,59,59,19600
M5LB,20210930,15,15,15,15,2800
M5LC,20210930,737,737,737,737,194300
M5LE,20210930,1305,1305,1305,1305,216600
M5LF,20210930,22,22,22,22,5800
M5LG,20210930,503,503,503,503,100200
M5LH,20210930,1395,1395,1395,1395,429500
M5LI,20210930,60,60,60,60,7300
M5LJ,20210930,9,9,9,9,2800
M5LK,20210930,47,47,47,47,7400
M5LL,20210930,788,788,788,788,345300
M5LM,20210930,12,12,12,12,3200
M5LN,20210930,856,856,856,856,209400
M5LO,20210930,56,56,56,56,10000
M5LP,20210930,278,278,278,278,49600
M5LQ,20210930,1268,1268,1268,1268,329600
M5LR,20210930,11,11,11,11,2900
M5LS,20210930,33,33,33,33,6300
M5LT,20210930,1,1,1,1,2200
M5LU,20210930,480,480,480,480,343400
M5LV,20210930,1703,1703,1703,1703,431400
M5LW,20210930,16,16,16,16,2600
M5LX,20210930,2183,2183,2183,2183,558600
M5LY,20210930,51,51,51,51,6300
M5LZ,20210930,1120,1120,1120,1120,264200
M6DA,20210930,-7,-7,-7,-7,19600
M6DB,20210930,-1,-1,-1,-1,2800
M6DC,20210930,-71,-71,-71,-71,194300
M6DE,20210930,-43,-43,-43,-43,216600
M6DF,20210930,2,2,2,2,5800
M6DG,20210930,-52,-52,-52,-52,100200
M6DH,20210930,-72,-72,-72,-72,429500
M6DI,20210930,-8,-8,-8,-8,7300
M6DJ,20210930,-1,-1,-1,-1,2800
M6DK,20210930,-2,-2,-2,-2,7400
M6DL,20210930,-148,-148,-148,-148,345300
M6DM,20210930,-2,-2,-2,-2,3200
M6DN,20210930,-61,-61,-61,-61,209400
M6DO,20210930,-2,-2,-2,-2,10000
M6DP,20210930,-22,-22,-22,-22,49600
M6DQ,20210930,-152,-152,-152,-152,329600
M6DR,20210930,0.01,0.01,0.01,0.01,2900
M6DS,20210930,-2,-2,-2,-2,6300
M6DT,20210930,1,1,1,1,2200
M6DU,20210930,-21,-21,-21,-21,343400
M6DV,20210930,-199,-199,-199,-199,431400
M6DW,20210930,0.01,0.01,0.01,0.01,2600
M6DX,20210930,-220,-220,-220,-220,558600
M6DY,20210930,-8,-8,-8,-8,6300
M6DZ,20210930,-99,-99,-99,-99,264200
M6HA,20210930,4,4,4,4,19600
M6HB,20210930,0.01,0.01,0.01,0.01,2800
M6HC,20210930,39,39,39,39,194300
M6HE,20210930,22,22,22,22,216600
M6HF,20210930,2,2,2,2,5800
M6HG,20210930,18,18,18,18,100200
M6HH,20210930,86,86,86,86,429500
M6HI,20210930,0.01,0.01,0.01,0.01,7300
M6HJ,20210930,0.01,0.01,0.01,0.01,2800
M6HK,20210930,0.01,0.01,0.01,0.01,7400
M6HL,20210930,26,26,26,26,345300
M6HM,20210930,0.01,0.01,0.01,0.01,3200
M6HN,20210930,47,47,47,47,209400
M6HO,20210930,2,2,2,2,10000
M6HP,20210930,6,6,6,6,49600
M6HQ,20210930,61,61,61,61,329600
M6HR,20210930,0.01,0.01,0.01,0.01,2900
M6HS,20210930,1,1,1,1,6300
M6HT,20210930,1,1,1,1,2200
M6HU,20210930,29,29,29,29,343400
M6HV,20210930,83,83,83,83,431400
M6HW,20210930,3,3,3,3,2600
M6HX,20210930,112,112,112,112,558600
M6HY,20210930,0.01,0.01,0.01,0.01,6300
M6HZ,20210930,54,54,54,54,264200
M6LA,20210930,11,11,11,11,19600
M6LB,20210930,1,1,1,1,2800
M6LC,20210930,110,110,110,110,194300
M6LE,20210930,65,65,65,65,216600
M6LF,20210930,0.01,0.01,0.01,0.01,5800
M6LG,20210930,70,70,70,70,100200
M6LH,20210930,158,158,158,158,429500
M6LI,20210930,8,8,8,8,7300
M6LJ,20210930,1,1,1,1,2800
M6LK,20210930,2,2,2,2,7400
M6LL,20210930,174,174,174,174,345300
M6LM,20210930,2,2,2,2,3200
M6LN,20210930,108,108,108,108,209400
M6LO,20210930,4,4,4,4,10000
M6LP,20210930,28,28,28,28,49600
M6LQ,20210930,213,213,213,213,329600
M6LR,20210930,0.01,0.01,0.01,0.01,2900
M6LS,20210930,3,3,3,3,6300
M6LT,20210930,0.01,0.01,0.01,0.01,2200
M6LU,20210930,50,50,50,50,343400
M6LV,20210930,282,282,282,282,431400
M6LW,20210930,3,3,3,3,2600
M6LX,20210930,332,332,332,332,558600
M6LY,20210930,8,8,8,8,6300
M6LZ,20210930,153,153,153,153,264200
MADA,20210930,-2,-2,-2,-2,19600
MADB,20210930,0.01,0.01,0.01,0.01,2800
MADC,20210930,-16,-16,-16,-16,194300
MADE,20210930,-3,-3,-3,-3,216600
MADF,20210930,2,2,2,2,5800
MADG,20210930,-9,-9,-9,-9,100200
MADH,20210930,15,15,15,15,429500
MADI,20210930,-1,-1,-1,-1,7300
MADJ,20210930,0.01,0.01,0.01,0.01,2800
MADK,20210930,-1,-1,-1,-1,7400
MADL,20210930,-71,-71,-71,-71,345300
MADM,20210930,-2,-2,-2,-2,3200
MADN,20210930,7,7,7,7,209400
MADO,20210930,1,1,1,1,10000
MADP,20210930,0.01,0.01,0.01,0.01,49600
MADQ,20210930,-61,-61,-61,-61,329600
MADR,20210930,0.01,0.01,0.01,0.01,2900
MADS,20210930,1,1,1,1,6300
MADT,20210930,1,1,1,1,2200
MADU,20210930,-2,-2,-2,-2,343400
MADV,20210930,-54,-54,-54,-54,431400
MADW,20210930,1,1,1,1,2600
MADX,20210930,-56,-56,-56,-56,558600
MADY,20210930,0.01,0.01,0.01,0.01,6300
MADZ,20210930,-10,-10,-10,-10,264200
MAHA,20210930,3,3,3,3,19600
MAHB,20210930,0.01,0.01,0.01,0.01,2800
MAHC,20210930,34,34,34,34,194300
MAHE,20210930,14,14,14,14,216600
MAHF,20210930,2,2,2,2,5800
MAHG,20210930,11,11,11,11,100200
MAHH,20210930,63,63,63,63,429500
MAHI,20210930,0.01,0.01,0.01,0.01,7300
MAHJ,20210930,0.01,0.01,0.01,0.01,2800
MAHK,20210930,0.01,0.01,0.01,0.01,7400
MAHL,20210930,14,14,14,14,345300
MAHM,20210930,0.01,0.01,0.01,0.01,3200
MAHN,20210930,36,36,36,36,209400
MAHO,20210930,2,2,2,2,10000
MAHP,20210930,4,4,4,4,49600
MAHQ,20210930,38,38,38,38,329600
MAHR,20210930,0.01,0.01,0.01,0.01,2900
MAHS,20210930,1,1,1,1,6300
MAHT,20210930,1,1,1,1,2200
MAHU,20210930,18,18,18,18,343400
MAHV,20210930,59,59,59,59,431400
MAHW,20210930,1,1,1,1,2600
MAHX,20210930,77,77,77,77,558600
MAHY,20210930,0.01,0.01,0.01,0.01,6300
MAHZ,20210930,43,43,43,43,264200
MALA,20210930,5,5,5,5,19600
MALB,20210930,0.01,0.01,0.01,0.01,2800
MALC,20210930,50,50,50,50,194300
MALE,20210930,17,17,17,17,216600
MALF,20210930,0.01,0.01,0.01,0.01,5800
MALG,20210930,20,20,20,20,100200
MALH,20210930,48,48,48,48,429500
MALI,20210930,1,1,1,1,7300
MALJ,20210930,0.01,0.01,0.01,0.01,2800
MALK,20210930,1,1,1,1,7400
MALL,20210930,85,85,85,85,345300
MALM,20210930,2,2,2,2,3200
MALN,20210930,29,29,29,29,209400
MALO,20210930,1,1,1,1,10000
MALP,20210930,4,4,4,4,49600
MALQ,20210930,99,99,99,99,329600
MALR,20210930,0.01,0.01,0.01,0.01,2900
MALS,20210930,0.01,0.01,0.01,0.01,6300
MALT,20210930,0.01,0.01,0.01,0.01,2200
MALU,20210930,20,20,20,20,343400
MALV,20210930,113,113,113,113,431400
MALW,20210930,0.01,0.01,0.01,0.01,2600
MALX,20210930,133,133,133,133,558600
MALY,20210930,0.01,0.01,0.01,0.01,6300
MALZ,20210930,53,53,53,53,264200
MERV,20210930,76589.28,77755.65,76589.28,77363.64,0
MMFD,20210930,39.9,43.2,25.05,25.06,0
MMFI,20210930,44.03,44.84,38.93,38.95,0
MMOF,20210930,43.49,44.36,40.62,40.64,0
MMOH,20210930,42.09,43.11,38.41,38.48,0
MMTH,20210930,49.74,50.3,46.88,46.88,0
MMTW,20210930,43.39,44.24,35.25,35.26,0
MNFD,20210930,36.06,36.58,36.06,36.57,0
MNFI,20210930,42.14,42.31,42.09,42.31,0
MNOF,20210930,43.2,43.64,43.2,43.64,0
MNOH,20210930,41.32,41.71,41.32,41.71,0
MNTH,20210930,49.43,49.81,49.43,49.77,0
MNTW,20210930,39.95,40.35,39.95,40.35,0
MOFD,20210930,79,79,78.2,78.22,0
MOFI,20210930,49.03,49.1,48.65,48.71,0
MOOF,20210930,43.84,44.11,43.83,44.11,0
MOOH,20210930,42.66,42.91,42.65,42.91,0
MOTH,20210930,50.68,50.96,50.68,50.95,0
MOTW,20210930,46.36,46.46,46.21,46.26,0
MPFD,20210930,67.46,67.5,66.97,66.99,0
MPFI,20210930,55.9,55.9,55.72,55.83,0
MPOF,20210930,50.2,50.62,50.2,50.58,0
MPOH,20210930,48.83,49.27,48.83,49.27,0
MPTH,20210930,58.26,58.67,58.26,58.63,0
MPTW,20210930,68.36,68.36,67.57,67.61,0
MTFD,20210930,28.99,36.32,28.02,30.44,0
MTFI,20210930,37.36,37.92,35.2,36.98,0
MTOF,20210930,52.04,52.48,48.37,49.61,0
MTOH,20210930,45.16,45.16,40.8,41.4,0
MTTH,20210930,59.1,59.31,57.84,58.14,0
MTTW,20210930,33.45,35.06,30.52,31.2,0
MUFD,20210930,29.05,30.73,28.59,30.73,0
MUFI,20210930,39.29,39.66,38.83,39.29,0
MUOF,20210930,51.02,51.05,49.91,50.45,0
MUOH,20210930,45.25,45.25,44.32,44.34,0
MUTH,20210930,59.21,59.21,58.1,58.56,0
MUTW,20210930,32.77,34.55,32.77,34.55,0
MVFD,20210930,58.69,59.45,58.54,59.13,0
MVFI,20210930,48.97,49.16,48.49,48.69,0
MVOF,20210930,56.44,56.51,55.33,55.76,0
MVOH,20210930,51.4,51.4,50.53,50.53,0
MVTH,20210930,62.99,62.99,62.01,62.21,0
MVTW,20210930,40.93,42.3,40.93,41.78,0
MWFD,20210930,62.1,62.1,59.52,59.56,0
MWFI,20210930,51.78,51.78,49.92,50.15,0
MWOF,20210930,63.6,63.6,61.73,62.19,0
MWOH,20210930,57.03,57.06,55.78,56.17,0
MWTH,20210930,69.23,69.23,67.35,67.43,0
MWTW,20210930,63.97,64.31,61.96,62.19,0
MXX,20210930,51189.91,51409.4,50963.83,51385.55,0
MYDA,20210930,-4,-4,-4,-4,19600
MYDB,20210930,0.01,0.01,0.01,0.01,2800
MYDC,20210930,-43,-43,-43,-43,194300
MYDE,20210930,-14,-14,-14,-14,216600
MYDF,20210930,2,2,2,2,5800
MYDG,20210930,-22,-22,-22,-22,100200
MYDH,20210930,-22,-22,-22,-22,429500
MYDI,20210930,-1,-1,-1,-1,7300
MYDJ,20210930,-1,-1,-1,-1,2800
MYDK,20210930,-1,-1,-1,-1,7400
MYDL,20210930,-123,-123,-123,-123,345300
MYDM,20210930,-2,-2,-2,-2,3200
MYDN,20210930,-16,-16,-16,-16,209400
MYDO,20210930,1,1,1,1,10000
MYDP,20210930,-4,-4,-4,-4,49600
MYDQ,20210930,-125,-125,-125,-125,329600
MYDR,20210930,0.01,0.01,0.01,0.01,2900
MYDS,20210930,1,1,1,1,6300
MYDT,20210930,1,1,1,1,2200
MYDU,20210930,-16,-16,-16,-16,343400
MYDV,20210930,-129,-129,-129,-129,431400
MYDW,20210930,-1,-1,-1,-1,2600
MYDX,20210930,-145,-145,-145,-145,558600
MYDY,20210930,-1,-1,-1,-1,6300
MYDZ,20210930,-43,-43,-43,-43,264200
MYHA,20210930,3,3,3,3,19600
MYHB,20210930,0.01,0.01,0.01,0.01,2800
MYHC,20210930,35,35,35,35,194300
MYHE,20210930,19,19,19,19,216600
MYHF,20210930,2,2,2,2,5800
MYHG,20210930,12,12,12,12,100200
MYHH,20210930,66,66,66,66,429500
MYHI,20210930,0.01,0.01,0.01,0.01,7300
MYHJ,20210930,0.01,0.01,0.01,0.01,2800
MYHK,20210930,0.01,0.01,0.01,0.01,7400
MYHL,20210930,14,14,14,14,345300
MYHM,20210930,0.01,0.01,0.01,0.01,3200
MYHN,20210930,37,37,37,37,209400
MYHO,20210930,2,2,2,2,10000
MYHP,20210930,4,4,4,4,49600
MYHQ,20210930,40,40,40,40,329600
MYHR,20210930,0.01,0.01,0.01,0.01,2900
MYHS,20210930,1,1,1,1,6300
MYHT,20210930,1,1,1,1,2200
MYHU,20210930,19,19,19,19,343400
MYHV,20210930,61,61,61,61,431400
MYHW,20210930,1,1,1,1,2600
MYHX,20210930,80,80,80,80,558600
MYHY,20210930,0.01,0.01,0.01,0.01,6300
MYHZ,20210930,45,45,45,45,264200
MYLA,20210930,7,7,7,7,19600
MYLB,20210930,0.01,0.01,0.01,0.01,2800
MYLC,20210930,78,78,78,78,194300
MYLE,20210930,33,33,33,33,216600
MYLF,20210930,0.01,0.01,0.01,0.01,5800
MYLG,20210930,34,34,34,34,100200
MYLH,20210930,88,88,88,88,429500
MYLI,20210930,1,1,1,1,7300
MYLJ,20210930,1,1,1,1,2800
MYLK,20210930,1,1,1,1,7400
MYLL,20210930,137,137,137,137,345300
MYLM,20210930,2,2,2,2,3200
MYLN,20210930,53,53,53,53,209400
MYLO,20210930,1,1,1,1,10000
MYLP,20210930,8,8,8,8,49600
MYLQ,20210930,165,165,165,165,329600
MYLR,20210930,0.01,0.01,0.01,0.01,2900
MYLS,20210930,0.01,0.01,0.01,0.01,6300
MYLT,20210930,0.01,0.01,0.01,0.01,2200
MYLU,20210930,35,35,35,35,343400
MYLV,20210930,190,190,190,190,431400
MYLW,20210930,2,2,2,2,2600
MYLX,20210930,225,225,225,225,558600
MYLY,20210930,1,1,1,1,6300
MYLZ,20210930,88,88,88,88,264200
N1DA,20210930,-19,-19,-19,-19,59800
N1DB,20210930,-41,-41,-41,-41,39600
N1DC,20210930,-33,-33,-33,-33,10200
N1DD,20210930,-12,-12,-12,-12,3000
N1DE,20210930,-20,-20,-20,-20,6500
N1DF,20210930,-4,-4,-4,-4,2000
N1DG,20210930,-4,-4,-4,-4,1500
N1DH,20210930,-54,-54,-54,-54,23000
N1DI,20210930,-13,-13,-13,-13,6000
N1DJ,20210930,-40,-40,-40,-40,29900
N1DK,20210930,-108,-108,-108,-108,68600
N1DL,20210930,-72,-72,-72,-72,58000
N1DM,20210930,-23,-23,-23,-23,24400
N1DN,20210930,-203,-203,-203,-203,151000
N1DO,20210930,-148,-148,-148,-148,97800
N1DP,20210930,-223,-223,-223,-223,43900
N1DU,20210930,-242,-242,-242,-242,216200
N1DV,20210930,-88,-88,-88,-88,30700
N1HA,20210930,59,59,59,59,59800
N1HB,20210930,28,28,28,28,39600
N1HC,20210930,4,4,4,4,10200
N1HD,20210930,0.01,0.01,0.01,0.01,3000
N1HE,20210930,0.01,0.01,0.01,0.01,6500
N1HF,20210930,0.01,0.01,0.01,0.01,2000
N1HG,20210930,0.01,0.01,0.01,0.01,1500
N1HH,20210930,8,8,8,8,23000
N1HI,20210930,2,2,2,2,6000
N1HJ,20210930,12,12,12,12,29900
N1HK,20210930,40,40,40,40,68600
N1HL,20210930,38,38,38,38,58000
N1HM,20210930,16,16,16,16,24400
N1HN,20210930,94,94,94,94,151000
N1HO,20210930,61,61,61,61,97800
N1HP,20210930,11,11,11,11,43900
N1HU,20210930,173,173,173,173,216200
N1HV,20210930,5,5,5,5,30700
N1LA,20210930,78,78,78,78,59800
N1LB,20210930,69,69,69,69,39600
N1LC,20210930,37,37,37,37,10200
N1LD,20210930,12,12,12,12,3000
N1LE,20210930,20,20,20,20,6500
N1LF,20210930,4,4,4,4,2000
N1LG,20210930,4,4,4,4,1500
N1LH,20210930,62,62,62,62,23000
N1LI,20210930,15,15,15,15,6000
N1LJ,20210930,52,52,52,52,29900
N1LK,20210930,148,148,148,148,68600
N1LL,20210930,110,110,110,110,58000
N1LM,20210930,39,39,39,39,24400
N1LN,20210930,297,297,297,297,151000
N1LO,20210930,209,209,209,209,97800
N1LP,20210930,234,234,234,234,43900
N1LU,20210930,415,415,415,415,216200
N1LV,20210930,93,93,93,93,30700
N3DA,20210930,-9,-9,-9,-9,59800
N3DB,20210930,-19,-19,-19,-19,39600
N3DC,20210930,-12,-12,-12,-12,10200
N3DD,20210930,-7,-7,-7,-7,3000
N3DE,20210930,-13,-13,-13,-13,6500
N3DF,20210930,-4,-4,-4,-4,2000
N3DG,20210930,-2,-2,-2,-2,1500
N3DH,20210930,-19,-19,-19,-19,23000
N3DI,20210930,-5,-5,-5,-5,6000
N3DJ,20210930,-32,-32,-32,-32,29900
N3DK,20210930,-51,-51,-51,-51,68600
N3DL,20210930,-50,-50,-50,-50,58000
N3DM,20210930,-21,-21,-21,-21,24400
N3DN,20210930,-122,-122,-122,-122,151000
N3DO,20210930,-69,-69,-69,-69,97800
N3DP,20210930,-85,-85,-85,-85,43900
N3DU,20210930,-145,-145,-145,-145,216200
N3DV,20210930,-37,-37,-37,-37,30700
N3HA,20210930,34,34,34,34,59800
N3HB,20210930,19,19,19,19,39600
N3HC,20210930,3,3,3,3,10200
N3HD,20210930,0.01,0.01,0.01,0.01,3000
N3HE,20210930,0.01,0.01,0.01,0.01,6500
N3HF,20210930,0.01,0.01,0.01,0.01,2000
N3HG,20210930,0.01,0.01,0.01,0.01,1500
N3HH,20210930,7,7,7,7,23000
N3HI,20210930,2,2,2,2,6000
N3HJ,20210930,6,6,6,6,29900
N3HK,20210930,21,21,21,21,68600
N3HL,20210930,18,18,18,18,58000
N3HM,20210930,4,4,4,4,24400
N3HN,20210930,43,43,43,43,151000
N3HO,20210930,35,35,35,35,97800
N3HP,20210930,10,10,10,10,43900
N3HU,20210930,100,100,100,100,216200
N3HV,20210930,4,4,4,4,30700
N3LA,20210930,43,43,43,43,59800
N3LB,20210930,38,38,38,38,39600
N3LC,20210930,15,15,15,15,10200
N3LD,20210930,7,7,7,7,3000
N3LE,20210930,13,13,13,13,6500
N3LF,20210930,4,4,4,4,2000
N3LG,20210930,2,2,2,2,1500
N3LH,20210930,26,26,26,26,23000
N3LI,20210930,7,7,7,7,6000
N3LJ,20210930,38,38,38,38,29900
N3LK,20210930,72,72,72,72,68600
N3LL,20210930,68,68,68,68,58000
N3LM,20210930,25,25,25,25,24400
N3LN,20210930,165,165,165,165,151000
N3LO,20210930,104,104,104,104,97800
N3LP,20210930,95,95,95,95,43900
N3LU,20210930,245,245,245,245,216200
N3LV,20210930,41,41,41,41,30700
N5DA,20210930,-119,-119,-119,-119,59800
N5DB,20210930,-127,-127,-127,-127,39600
N5DC,20210930,-41,-41,-41,-41,10200
N5DD,20210930,-19,-19,-19,-19,3000
N5DE,20210930,-39,-39,-39,-39,6500
N5DF,20210930,-16,-16,-16,-16,2000
N5DG,20210930,-4,-4,-4,-4,1500
N5DH,20210930,-67,-67,-67,-67,23000
N5DI,20210930,-16,-16,-16,-16,6000
N5DJ,20210930,-53,-53,-53,-53,29900
N5DK,20210930,-150,-150,-150,-150,68600
N5DL,20210930,-95,-95,-95,-95,58000
N5DM,20210930,-43,-43,-43,-43,24400
N5DN,20210930,-288,-288,-288,-288,151000
N5DO,20210930,-282,-282,-282,-282,97800
N5DP,20210930,-253,-253,-253,-253,43900
N5DU,20210930,-367,-367,-367,-367,216200
N5DV,20210930,-148,-148,-148,-148,30700
N5HA,20210930,110,110,110,110,59800
N5HB,20210930,57,57,57,57,39600
N5HC,20210930,9,9,9,9,10200
N5HD,20210930,2,2,2,2,3000
N5HE,20210930,3,3,3,3,6500
N5HF,20210930,0.01,0.01,0.01,0.01,2000
N5HG,20210930,1,1,1,1,1500
N5HH,20210930,30,30,30,30,23000
N5HI,20210930,11,11,11,11,6000
N5HJ,20210930,55,55,55,55,29900
N5HK,20210930,120,120,120,120,68600
N5HL,20210930,114,114,114,114,58000
N5HM,20210930,55,55,55,55,24400
N5HN,20210930,289,289,289,289,151000
N5HO,20210930,131,131,131,131,97800
N5HP,20210930,37,37,37,37,43900
N5HU,20210930,379,379,379,379,216200
N5HV,20210930,27,27,27,27,30700
N5LA,20210930,229,229,229,229,59800
N5LB,20210930,184,184,184,184,39600
N5LC,20210930,50,50,50,50,10200
N5LD,20210930,21,21,21,21,3000
N5LE,20210930,42,42,42,42,6500
N5LF,20210930,16,16,16,16,2000
N5LG,20210930,5,5,5,5,1500
N5LH,20210930,97,97,97,97,23000
N5LI,20210930,27,27,27,27,6000
N5LJ,20210930,108,108,108,108,29900
N5LK,20210930,270,270,270,270,68600
N5LL,20210930,209,209,209,209,58000
N5LM,20210930,98,98,98,98,24400
N5LN,20210930,577,577,577,577,151000
N5LO,20210930,413,413,413,413,97800
N5LP,20210930,290,290,290,290,43900
N5LU,20210930,746,746,746,746,216200
N5LV,20210930,175,175,175,175,30700
N6DA,20210930,-12,-12,-12,-12,59800
N6DB,20210930,-19,-19,-19,-19,39600
N6DC,20210930,0.01,0.01,0.01,0.01,10200
N6DD,20210930,-2,-2,-2,-2,3000
N6DE,20210930,-5,-5,-5,-5,6500
N6DF,20210930,-2,-2,-2,-2,2000
N6DG,20210930,-1,-1,-1,-1,1500
N6DH,20210930,-4,-4,-4,-4,23000
N6DI,20210930,-3,-3,-3,-3,6000
N6DJ,20210930,-23,-23,-23,-23,29900
N6DK,20210930,-29,-29,-29,-29,68600
N6DL,20210930,-35,-35,-35,-35,58000
N6DM,20210930,-19,-19,-19,-19,24400
N6DN,20210930,-83,-83,-83,-83,151000
N6DO,20210930,-45,-45,-45,-45,97800
N6DP,20210930,-20,-20,-20,-20,43900
N6DU,20210930,-112,-112,-112,-112,216200
N6DV,20210930,-17,-17,-17,-17,30700
N6HA,20210930,19,19,19,19,59800
N6HB,20210930,10,10,10,10,39600
N6HC,20210930,3,3,3,3,10200
N6HD,20210930,0.01,0.01,0.01,0.01,3000
N6HE,20210930,0.01,0.01,0.01,0.01,6500
N6HF,20210930,0.01,0.01,0.01,0.01,2000
N6HG,20210930,0.01,0.01,0.01,0.01,1500
N6HH,20210930,6,6,6,6,23000
N6HI,20210930,1,1,1,1,6000
N6HJ,20210930,3,3,3,3,29900
N6HK,20210930,14,14,14,14,68600
N6HL,20210930,12,12,12,12,58000
N6HM,20210930,2,2,2,2,24400
N6HN,20210930,28,28,28,28,151000
N6HO,20210930,18,18,18,18,97800
N6HP,20210930,9,9,9,9,43900
N6HU,20210930,54,54,54,54,216200
N6HV,20210930,3,3,3,3,30700
N6LA,20210930,31,31,31,31,59800
N6LB,20210930,29,29,29,29,39600
N6LC,20210930,3,3,3,3,10200
N6LD,20210930,2,2,2,2,3000
N6LE,20210930,5,5,5,5,6500
N6LF,20210930,2,2,2,2,2000
N6LG,20210930,1,1,1,1,1500
N6LH,20210930,10,10,10,10,23000
N6LI,20210930,4,4,4,4,6000
N6LJ,20210930,26,26,26,26,29900
N6LK,20210930,43,43,43,43,68600
N6LL,20210930,47,47,47,47,58000
N6LM,20210930,21,21,21,21,24400
N6LN,20210930,111,111,111,111,151000
N6LO,20210930,63,63,63,63,97800
N6LP,20210930,29,29,29,29,43900
N6LU,20210930,166,166,166,166,216200
N6LV,20210930,20,20,20,20,30700
NADA,20210930,6,6,6,6,59800
NADB,20210930,-3,-3,-3,-3,39600
NADC,20210930,0.01,0.01,0.01,0.01,10200
NADD,20210930,0.01,0.01,0.01,0.01,3000
NADE,20210930,-1,-1,-1,-1,6500
NADF,20210930,-1,-1,-1,-1,2000
NADG,20210930,0.01,0.01,0.01,0.01,1500
NADH,20210930,4,4,4,4,23000
NADI,20210930,0.01,0.01,0.01,0.01,6000
NADJ,20210930,-13,-13,-13,-13,29900
NADK,20210930,-3,-3,-3,-3,68600
NADL,20210930,-12,-12,-12,-12,58000
NADM,20210930,-1,-1,-1,-1,24400
NADN,20210930,-16,-16,-16,-16,151000
NADO,20210930,-19,-19,-19,-19,97800
NADP,20210930,-9,-9,-9,-9,43900
NADU,20210930,-17,-17,-17,-17,216200
NADV,20210930,0.01,0.01,0.01,0.01,30700
NAHA,20210930,17,17,17,17,59800
NAHB,20210930,6,6,6,6,39600
NAHC,20210930,1,1,1,1,10200
NAHD,20210930,0.01,0.01,0.01,0.01,3000
NAHE,20210930,0.01,0.01,0.01,0.01,6500
NAHF,20210930,0.01,0.01,0.01,0.01,2000
NAHG,20210930,0.01,0.01,0.01,0.01,1500
NAHH,20210930,6,6,6,6,23000
NAHI,20210930,1,1,1,1,6000
NAHJ,20210930,3,3,3,3,29900
NAHK,20210930,14,14,14,14,68600
NAHL,20210930,10,10,10,10,58000
NAHM,20210930,2,2,2,2,24400
NAHN,20210930,26,26,26,26,151000
NAHO,20210930,10,10,10,10,97800
NAHP,20210930,9,9,9,9,43900
NAHU,20210930,45,45,45,45,216200
NAHV,20210930,3,3,3,3,30700
NALA,20210930,11,11,11,11,59800
NALB,20210930,9,9,9,9,39600
NALC,20210930,1,1,1,1,10200
NALD,20210930,0.01,0.01,0.01,0.01,3000
NALE,20210930,1,1,1,1,6500
NALF,20210930,1,1,1,1,2000
NALG,20210930,0.01,0.01,0.01,0.01,1500
NALH,20210930,2,2,2,2,23000
NALI,20210930,1,1,1,1,6000
NALJ,20210930,16,16,16,16,29900
NALK,20210930,17,17,17,17,68600
NALL,20210930,22,22,22,22,58000
NALM,20210930,3,3,3,3,24400
NALN,20210930,42,42,42,42,151000
NALO,20210930,29,29,29,29,97800
NALP,20210930,18,18,18,18,43900
NALU,20210930,62,62,62,62,216200
NALV,20210930,3,3,3,3,30700
NAST,20210930,6109.07,6110.5,6000.19,6001.14,0
NBI,20210930,5105.72,5145.71,5084.24,5085.11,0
NCFD,20210930,36.47,40.62,21.07,21.07,0
NCFI,20210930,43.16,44.78,37.99,37.99,0
NCOF,20210930,47.11,47.72,42.24,42.24,0
NCOH,20210930,46.9,47.92,44.37,44.37,0
NCTH,20210930,51.67,52.98,49.24,49.24,0
NCTW,20210930,37.28,40.02,31,31.1,0
NDFD,20210930,27.45,29.41,14.7,14.7,0
NDFI,20210930,28.43,30.39,18.62,18.62,0
NDOF,20210930,50,50,45.09,47.05,0
NDOH,20210930,55.88,56.86,53.92,53.92,0
NDTH,20210930,59.8,60.78,57.84,57.84,0
NDTW,20210930,18.62,20.58,13.72,14.7,0
NDXT,20210930,8670.11,8718.4,8604.56,8606.64,0
NDXX,20210930,5122.29,5129.13,5066.44,5067.65,0
NDY,20210930,14838.91,14887.45,14684.55,14689.62,0
NKY,20210930,29569.19,29622.27,29311.34,29452.66,0
NQGM,20210930,3999.37,4024.32,3981.36,3991.74,0
NQGS,20210930,6908.47,6929.7,6838.19,6840.26,0
NSHD,20210930,1,2319,1,2134,0
NSHF,20210930,1,1353,-1386,-931,0
NSHR,20210930,2,4,0.4,0.56,0
NSHU,20210930,2,2025,2,1203,0
NVLD,20210930,0.09,2357.49,0.09,1438.62,0
NVLF,20210930,-0.09,262.98,-1340.71,-980.3,0
NVLR,20210930,0.01,4.94,0.01,0.31,0
NVLU,20210930,0.28,1227.88,-2.77,458.31,0
NXTQ,20210930,834.51,838.37,829.37,830,0
NYA,20210930,16344.89,16407.98,16144.29,16144.92,0
NYDA,20210930,-1,-1,-1,-1,59800
NYDB,20210930,-7,-7,-7,-7,39600
NYDC,20210930,0.01,0.01,0.01,0.01,10200
NYDD,20210930,0.01,0.01,0.01,0.01,3000
NYDE,20210930,-3,-3,-3,-3,6500
NYDF,20210930,-2,-2,-2,-2,2000
NYDG,20210930,-1,-1,-1,-1,1500
NYDH,20210930,2,2,2,2,23000
NYDI,20210930,0.01,0.01,0.01,0.01,6000
NYDJ,20210930,-18,-18,-18,-18,29900
NYDK,20210930,-10,-10,-10,-10,68600
NYDL,20210930,-25,-25,-25,-25,58000
NYDM,20210930,-13,-13,-13,-13,24400
NYDN,20210930,-48,-48,-48,-48,151000
NYDO,20210930,-38,-38,-38,-38,97800
NYDP,20210930,-13,-13,-13,-13,43900
NYDU,20210930,-61,-61,-61,-61,216200
NYDV,20210930,-3,-3,-3,-3,30700
NYHA,20210930,18,18,18,18,59800
NYHB,20210930,7,7,7,7,39600
NYHC,20210930,1,1,1,1,10200
NYHD,20210930,0.01,0.01,0.01,0.01,3000
NYHE,20210930,0.01,0.01,0.01,0.01,6500
NYHF,20210930,0.01,0.01,0.01,0.01,2000
NYHG,20210930,0.01,0.01,0.01,0.01,1500
NYHH,20210930,6,6,6,6,23000
NYHI,20210930,1,1,1,1,6000
NYHJ,20210930,3,3,3,3,29900
NYHK,20210930,14,14,14,14,68600
NYHL,20210930,10,10,10,10,58000
NYHM,20210930,2,2,2,2,24400
NYHN,20210930,26,26,26,26,151000
NYHO,20210930,12,12,12,12,97800
NYHP,20210930,9,9,9,9,43900
NYHU,20210930,48,48,48,48,216200
NYHV,20210930,3,3,3,3,30700
NYLA,20210930,19,19,19,19,59800
NYLB,20210930,14,14,14,14,39600
NYLC,20210930,1,1,1,1,10200
NYLD,20210930,0.01,0.01,0.01,0.01,3000
NYLE,20210930,3,3,3,3,6500
NYLF,20210930,2,2,2,2,2000
NYLG,20210930,1,1,1,1,1500
NYLH,20210930,4,4,4,4,23000
NYLI,20210930,1,1,1,1,6000
NYLJ,20210930,21,21,21,21,29900
NYLK,20210930,24,24,24,24,68600
NYLL,20210930,35,35,35,35,58000
NYLM,20210930,15,15,15,15,24400
NYLN,20210930,74,74,74,74,151000
NYLO,20210930,50,50,50,50,97800
NYLP,20210930,22,22,22,22,43900
NYLU,20210930,109,109,109,109,216200
NYLV,20210930,6,6,6,6,30700
NZD,20210930,13166.29,13275.76,13152.7,13275.76,0
OBX,20210930,1026.33,1041.95,1026.22,1034.39,0
OEX,20210930,2003.65,2010.53,1976.76,1977.5,1011865000
OFIN,20210930,11747.95,11755.31,11584.35,11592.28,0
OSX,20210930,56.84,57.19,55.71,56.52,0
PCAM,20210930,0.81,0.81,0.81,0.81,0
PCAP,20210930,0.6,0.6,0.6,0.6,0
PCBA,20210930,1.33,1.33,1.33,1.33,0
PCCS,20210930,0.33,0.33,0.33,0.33,0
PCDI,20210930,0.4,0.4,0.4,0.4,0
PCFB,20210930,0.64,0.64,0.64,0.64,0
PCFR,20210930,0.2,0.2,0.2,0.2,0
PCGO,20210930,1.3,1.3,1.3,1.3,0
PCIN,20210930,0.89,0.89,0.89,0.89,0
PCIW,20210930,1.45,1.45,1.45,1.45,0
PCJP,20210930,0.98,0.98,0.98,0.98,0
PCMD,20210930,0.42,0.42,0.42,0.42,0
PCMS,20210930,0.54,0.54,0.54,0.54,0
PCQQ,20210930,1.29,1.29,1.29,1.29,0
PCSP,20210930,1.1,1.1,1.1,1.1,0
PCSX,20210930,1.71,1.71,1.71,1.71,0
PCTS,20210930,1.49,1.49,1.49,1.49,0
PCVI,20210930,0.91,0.91,0.91,0.91,0
PCVX,20210930,1.07,1.07,1.07,1.07,0
PCWM,20210930,0.47,0.47,0.47,0.47,0
PCXO,20210930,0.59,0.59,0.59,0.59,0
QSHD,20210930,2,2490,2,2371,0
QSHF,20210930,2,1541,-692,-290,0
QSHR,20210930,2,3.07,0.72,0.87,0
QSHU,20210930,4,2611,4,2081,0
QVLD,20210930,8.81,1683.22,4.37,1111.06,0
QVLF,20210930,1.21,2490.69,-3.04,592.57,0
QVLR,20210930,1958.45,1958.45,0.3,1.53,0
QVLU,20210930,1.22,3229.71,1.22,1703.63,0
R1FD,20210930,37.74,44.01,11.86,11.86,0
R1FI,20210930,38.33,39.41,28.72,28.72,0
R1OF,20210930,45.78,47.15,38.23,38.23,0
R1OH,20210930,53.13,54.21,46.17,46.17,0
R1TH,20210930,61.76,62.74,55.98,55.98,0
R1TW,20210930,35.49,37.64,24.11,24.11,0
R2FD,20210930,44.22,48.19,23.94,23.94,0
R2FI,20210930,48.8,50.43,42.7,42.7,0
R2OF,20210930,43.21,44.12,38.38,38.38,0
R2OH,20210930,43.46,44.17,39.65,39.65,0
R2TH,20210930,50.88,52.1,47.63,47.63,0
R2TW,20210930,49.97,51.9,39.65,39.7,0
R3FD,20210930,42.62,47.74,18.97,18.97,0
R3FI,20210930,45.34,46.88,37.65,37.65,0
R3OF,20210930,44.97,46.17,38.88,38.88,0
R3OH,20210930,47.51,48.44,42.28,42.28,0
R3TH,20210930,55.8,57.04,51.06,51.06,0
R3TW,20210930,44.97,47.21,33.88,33.88,0
RTCM,20210930,249.15,249.9,247.19,248.4,11524000
RTRE,20210930,194.04,194.38,192.02,193.27,10638700
RTS,20210930,1768.12,1780.94,1758.65,1777.74,0
S1FD,20210930,36.63,49.5,7.92,7.92,0
S1FI,20210930,37.62,38.61,21.78,21.78,0
S1OF,20210930,47.52,50.49,38.61,39.6,0
S1OH,20210930,60.39,62.37,50.49,50.49,0
S1TH,20210930,70.29,70.29,61.38,61.38,0
S1TR,20210930,299.03,301.32,296.73,296.73,0
S1TW,20210930,36.63,38.61,24.75,24.75,0
S2TR,20210930,894.77,897.38,879.2,881.79,0
S3TR,20210930,1529.38,1536.34,1494.68,1494.74,0
S4FD,20210930,48.5,56.25,13.75,13.75,0
S4FI,20210930,44,46.5,35.5,35.5,0
S4OF,20210930,43.25,45,35.25,35.25,0
S4OH,20210930,44.5,46,38,38.25,0
S4TH,20210930,55.75,58.25,49.5,49.5,0
S4TR,20210930,795.14,799.04,783.03,783.04,0
S4TW,20210930,47,50,30.5,30.5,0
S5FD,20210930,36.83,42.77,8.11,8.11,0
S5FI,20210930,36.23,37.22,23.96,23.96,0
S5OF,20210930,47.32,48.31,37.62,37.62,0
S5OH,20210930,57.82,58.61,48.71,48.71,0
S5TH,20210930,67.52,67.72,60.79,60.79,0
S5TR,20210930,772.72,776.65,755.95,756.49,0
S5TW,20210930,33.86,36.03,21.78,21.78,0
S6CD,20210930,1038.07,1038.07,994.04,994.08,0
S6CS,20210930,2517.62,2531.15,2469.84,2469.96,0
S6EP,20210930,275.98,279.18,269.88,276.3,0
S6FD,20210930,56.4,61.73,24.45,24.45,0
S6FI,20210930,53.74,55.74,42.92,42.92,0
S6FP,20210930,1082.58,1091.12,1071.03,1071.03,0
S6HC,20210930,4432.39,4485.37,4397.87,4397.87,0
S6IP,20210930,1532.14,1543.76,1500.46,1500.46,0
S6MP,20210930,657.91,663.37,646.96,646.96,0
S6OF,20210930,44.25,46.42,37.93,37.93,0
S6OH,20210930,43.42,45.25,38.1,38.1,0
S6TH,20210930,53.74,54.74,48.75,48.75,0
S6TP,20210930,1231.62,1249.48,1221.5,1221.5,0
S6TR,20210930,2213.15,2213.15,2182.89,2184.6,0
S6TW,20210930,59.56,62.39,42.09,42.09,0
S6UP,20210930,836.93,841.22,828.77,828.77,0
S7TR,20210930,1624.74,1633.83,1594.37,1594.52,0
S8TR,20210930,815.9,818.08,804.15,804.15,0
S9TR,20210930,937.93,942.83,927.45,927.45,0
SAAB,20210930,1707.38,1708.15,1695.44,1699.18,0
SAER,20210930,90.13,91.61,89.95,91.01,0
SAIE,20210930,183.62,185.02,182.12,184.38,0
SAIU,20210930,163.66,164.91,162.13,164.29,0
SAJR,20210930,178.37,180.13,177.54,180.01,0
SAJT,20210930,123.51,124.85,123.05,124.76,0
SAPE,20210930,3665.7,3690.43,3659.49,3680.42,0
SAPT,20210930,124.84,125.27,123.1,123.72,0
SAPU,20210930,3071.03,3089.78,3065.3,3085.78,0
SAQA,20210930,6276.7,6309.96,6211.78,6212.61,0
SAQE,20210930,4789.48,4819.74,4745.69,4745.69,0
SAUE,20210930,204.21,207.55,203.79,206.19,0
SBER,20210930,67.12,68.44,67,68.14,0
SBES,20210930,1828.69,1846.41,1817.68,1844.13,0
SBFD,20210930,39.28,53.57,7.14,7.14,0
SBFI,20210930,17.85,21.42,7.14,7.14,0
SBIX,20210930,428.06,428.06,418.78,420.01,172219300
SBNP,20210930,3698.62,3812.61,3642.98,3642.98,0
SBOF,20210930,14.28,14.28,14.28,14.28,0
SBOH,20210930,32.14,32.14,28.57,28.57,0
SBSE,20210930,2611.02,2629.74,2585.26,2618.42,0
SBSU,20210930,2275.91,2284.81,2253.25,2279.69,0
SBTH,20210930,57.14,57.14,35.71,35.71,0
SBTR,20210930,74.4,75.86,74.27,75.54,0
SBTW,20210930,17.85,21.42,10.71,10.71,0
SBUP,20210930,7004.74,7022.77,6895.77,6895.92,0
SCBR,20210930,65.15,66.03,65.14,65.87,0
SCII,20210930,64.4,65.14,64.22,65.05,0
SCIR,20210930,312.74,313.37,302.05,304.54,0
SCIS,20210930,309.54,310.17,298.96,301.43,0
SCIT,20210930,565.9,567.05,546.57,551.08,0
SCPC,20210930,3095.77,3117.49,3072.96,3108.6,0
SCSC,20210930,4363.33,4411.89,4363.33,4403.99,0
SCSE,20210930,4120.11,4148.79,4117.97,4137.84,0
SCUT,20210930,1897.03,1917.23,1838.04,1911.37,0
SCWI,20210930,175.58,179.33,173.7,179.02,0
SCWP,20210930,325.81,327.98,325.56,326.01,0
SDEW,20210930,2142.25,2152.41,2108.88,2108.88,0
SDIP,20210930,135.43,137.05,135.28,136.79,0
SDIS,20210930,143.21,144.93,143.05,144.65,0
SDIT,20210930,168.37,170.39,168.18,170.06,0
SDPI,20210930,2046.38,2055.81,2035.41,2035.43,0
SDTI,20210930,2622.16,2632.05,2605.94,2605.97,0
SDTR,20210930,1662.38,1666.55,1625.16,1625.18,0
SDTS,20210930,1171.42,1188.97,1168.92,1188.97,0
SDTT,20210930,1439.24,1460.81,1436.17,1460.81,0
SEAN,20210930,763.25,770.06,759.83,769.68,0
SEBI,20210930,2455.47,2471.38,2445.24,2464.45,0
SECA,20210930,312.86,316.02,309.71,314.55,0
SECB,20210930,262.16,264.81,259.52,263.58,0
SECC,20210930,474.4,479.14,469.6,476.91,0
SEFD,20210930,68.18,90.9,27.27,40.9,0
SEFI,20210930,95.45,100,90.9,90.9,0
SEIB,20210930,2879.09,2898.27,2863.77,2890.38,0
SEIE,20210930,362.41,363.36,358.23,358.23,0
SEIT,20210930,186.48,186.53,183.1,183.25,0
SEIU,20210930,356.9,358.05,352.55,352.61,0
SEMT,20210930,1827.76,1837.17,1810.72,1832.73,0
SEOF,20210930,72.72,77.27,63.63,68.18,0
SEOH,20210930,77.27,77.27,72.72,77.27,0
SETH,20210930,90.9,90.9,86.36,90.9,0
SETW,20210930,100,100,95.45,95.45,0
SFFD,20210930,55.38,63.07,6.15,6.15,0
SFFI,20210930,61.53,61.53,44.61,44.61,0
SFOF,20210930,69.23,70.76,58.46,58.46,0
SFOH,20210930,80,81.53,67.69,67.69,0
SFTH,20210930,92.3,92.3,84.61,84.61,0
SFTR,20210930,2102.73,2125.2,2082.51,2082.7,0
SFTW,20210930,58.46,60,49.23,49.23,0
SG0A,20210930,352.22,355.89,350.47,353.9,0
SG0B,20210930,73.98,74.75,73.61,74.33,0
SG0C,20210930,809.83,818.31,805.83,813.69,0
SG0D,20210930,42.75,43.34,42.48,43.04,0
SG0E,20210930,467.99,474.48,465.12,471.25,0
SG0F,20210930,434.8,435.57,428.49,429.77,0
SG0G,20210930,288.88,289.39,284.69,285.54,0
SG0H,20210930,3160.66,3167.26,3116.32,3126.15,0
SG0I,20210930,425.72,432.56,416.58,426.89,0
SG1A,20210930,647.47,657.86,633.6,649.24,0
SG1B,20210930,472.87,487.91,469.52,484.02,0
SG1C,20210930,9.78,10.09,9.71,10.01,0
SG1D,20210930,107.17,110.58,106.43,109.7,0
SG1E,20210930,185.02,186.2,179.84,181.63,0
SG1F,20210930,35.39,35.61,34.4,34.74,0
SG1G,20210930,75.63,76.11,73.51,74.24,0
SG1H,20210930,283.34,291.52,280.69,287.55,0
SG1I,20210930,126.99,130.65,125.8,128.88,0
SG1J,20210930,227.24,230.89,222.36,227.86,0
SG2A,20210930,664.59,674.89,651.23,666.46,0
SG2B,20210930,430.57,437.24,421.91,431.78,0
SG2C,20210930,633.77,643.59,621.11,635.56,0
SG2D,20210930,101.68,104.67,101.61,104.16,0
SG2E,20210930,8.88,9.14,8.87,9.1,0
SG2F,20210930,32.22,33.02,32.05,32.85,0
SG2G,20210930,148.94,151.29,148.94,149.4,0
SG2H,20210930,10.57,10.73,10.57,10.6,0
SG2I,20210930,53.78,54.63,53.78,53.95,0
SG2J,20210930,155.67,160.16,154.22,157.98,0
SG3A,20210930,779.24,783.41,755.67,760.37,0
SG3B,20210930,5629.27,5659.39,5459.02,5492.98,0
SG3C,20210930,444.99,452.83,435.5,443.13,0
SG3D,20210930,8.38,8.52,8.2,8.34,0
SG3E,20210930,91.81,93.42,89.85,91.42,0
SG3F,20210930,145.04,150.71,145.04,150.54,0
SG3G,20210930,53.43,55.51,53.43,55.45,0
SG3H,20210930,385.9,401,385.9,400.51,0
SG3I,20210930,410.11,416.85,400.9,411.21,0
SG3J,20210930,649.2,652.67,629.56,633.48,0
SG4A,20210930,322.35,327.65,315.12,323.21,0
SG4B,20210930,413.14,418.71,406.51,415.65,0
SG4C,20210930,94.56,95.83,93.04,95.13,0
SG4D,20210930,171.41,173.71,168.65,172.43,0
SG4E,20210930,109.18,111.32,107.33,110.33,0
SG4F,20210930,430.29,438.73,423.05,434.82,0
SG4G,20210930,183.43,183.43,179.56,180.62,0
SG4H,20210930,88.54,88.54,86.67,87.18,0
SG4I,20210930,113.03,113.03,110.67,111.32,0
SG4J,20210930,113.13,114.99,110.59,113.43,0
SG5A,20210930,334.59,340.74,330.32,339.24,0
SG5B,20210930,492.5,501.55,486.22,499.34,0
SG5C,20210930,1003.08,1027.48,1002.5,1022.93,0
SG5D,20210930,127.23,130.32,127.15,129.75,0
SG5E,20210930,873.09,892.25,870.61,888.31,0
SG5F,20210930,473.77,480.22,467.88,474.05,0
SG5G,20210930,26.88,27.25,26.55,26.9,0
SG5H,20210930,294.38,298.39,290.74,294.56,0
SG5I,20210930,279.9,287.34,277.42,284,0
SG5J,20210930,618.32,629.69,610.44,626.91,0
SG6A,20210930,834.22,856.48,826.84,846.46,0
SG6B,20210930,240.45,241.51,233.68,235.28,0
SG6C,20210930,1737.22,1744.86,1688.59,1699.82,0
SG6D,20210930,218.49,226.17,217.11,224.63,0
SG6E,20210930,17.3,17.91,17.19,17.79,0
SG6F,20210930,25.48,26.37,25.32,26.19,0
SG6G,20210930,321.86,323.2,309.93,315.03,0
SG6H,20210930,184.77,185.54,177.92,180.85,0
SG6I,20210930,334.9,336.31,322.65,327.8,0
SG6J,20210930,211.69,217.32,209.82,214.8,0
SG7A,20210930,12.6,12.71,12.55,12.67,0
SG7B,20210930,95.77,96.67,95.43,96.36,0
SG7C,20210930,499.77,502.77,496.55,500.75,0
SG7D,20210930,216.04,217.29,214.62,216.43,0
SG7E,20210930,2364.38,2378.06,2348.76,2368.55,0
SG7F,20210930,433.61,434.81,427.13,429.09,0
SG7G,20210930,271.57,272.42,267.72,268.95,0
SG7H,20210930,2973.17,2982.54,2931.01,2944.48,0
SG7I,20210930,135.75,136.14,134.65,134.97,0
SG7J,20210930,122.59,125.64,122.59,125.23,0
SG8A,20210930,256.43,275.86,250.58,274.69,0
SG8B,20210930,7.77,8.36,7.6,8.33,0
SG8C,20210930,14.74,15.85,14.4,15.79,0
SG8D,20210930,294.74,299.45,284.83,288.13,0
SG8E,20210930,233.02,236.74,225.18,227.79,0
SG8F,20210930,455.02,462.29,439.73,444.82,0
SG8G,20210930,189.13,189.77,187.77,188.87,0
SG8H,20210930,445.62,447.25,442.52,445.11,0
SG8I,20210930,2069.94,2076.94,2055.01,2067.05,0
SG8J,20210930,1485.75,1490.03,1473.75,1477.23,0
SG9A,20210930,61.13,61.81,60.46,61.5,0
SG9B,20210930,104.76,105.93,103.62,105.41,0
SG9C,20210930,553.96,558.75,547.9,555.33,0
SG9D,20210930,390.37,393.72,386.08,391.29,0
SG9E,20210930,4236.66,4272.97,4190.03,4246.64,0
SG9F,20210930,233.64,235.97,231.13,234.82,0
SG9G,20210930,81.12,81.93,80.25,81.53,0
SG9H,20210930,708.91,715.99,701.31,712.49,0
SG9I,20210930,271.07,275.8,265.59,272.22,0
SG9J,20210930,274.3,277.38,271.33,276.01,0
SGAA,20210930,1934.52,1942.61,1918.19,1926.52,0
SGAB,20210930,1989.97,1999.56,1978.08,1983.37,0
SGAC,20210930,5805.89,5815.07,5731.78,5732.16,0
SGAD,20210930,5973.61,5981.34,5901.31,5901.31,0
SGCC,20210930,320.78,324.14,317.63,322.63,0
SGCR,20210930,166.39,167.09,163.83,164.76,0
SGDO,20210930,160.31,160.63,159.38,159.38,0
SGIA,20210930,186.73,187.99,184.99,184.99,0
SGIB,20210930,1652.86,1669.4,1646.26,1646.86,0
SGID,20210930,1669.26,1687.76,1663.24,1665.74,0
SGIF,20210930,294.28,297.33,291.65,291.65,0
SGIR,20210930,162.07,162.81,159.57,160.47,0
SGJ,20210930,258.19,263.24,253.82,260.91,0
SGK,20210930,413.82,419.55,411.26,416.69,0
SGLN,20210930,421.39,425.79,421.25,423.21,0
SGMA,20210930,265.18,266.39,261.09,262.56,0
SGON,20210930,490.16,491.16,487.34,487.34,0
SGP,20210930,2248.34,2304.66,2247.06,2294.22,0
SGPA,20210930,283.81,285.01,279.45,281.03,0
SGPG,20210930,200.51,203.34,199.61,202.29,0
SGPP,20210930,70.94,71.68,70.24,71.34,0
SGPR,20210930,61.53,62.4,61.25,62.08,0
SGPT,20210930,128.67,130.01,127.4,129.4,0
SGQA,20210930,937.64,954,918.73,941.62,0
SGQB,20210930,272.88,277.54,267.56,274.29,0
SGQC,20210930,256.29,260.67,251.32,257.62,0
SGQD,20210930,1009.95,1027.21,990.35,1015.19,0
SGQE,20210930,209.26,214.02,208.68,213.05,0
SGQF,20210930,1967.97,2012.73,1962.49,2003.57,0
SGQG,20210930,528.37,532.35,524.33,530.36,0
SGQH,20210930,231.87,233.58,230.07,232.71,0
SGQI,20210930,2537.54,2556.26,2517.87,2546.68,0
SGQJ,20210930,237.94,242.09,233.14,238.95,0
SGRC,20210930,151.66,152.19,149.55,150.3,0
SGRE,20210930,111.62,112.01,110.06,110.62,0
SGRG,20210930,34,34.48,33.85,34.3,0
SGRM,20210930,180.69,181.21,178.74,178.8,0
SGRT,20210930,100.81,102.46,100.6,101.79,0
SGSA,20210930,1049.07,1084.22,1047.85,1076.51,0
SGSB,20210930,73.29,75.61,73.07,75.07,0
SGSC,20210930,689.54,711.33,687.46,706.27,0
SGSD,20210930,509.67,514.04,495.88,498.65,0
SGSE,20210930,248.34,250.94,245.91,249.77,0
SGSF,20210930,460.71,464.65,448.32,450.75,0
SGSG,20210930,5045.71,5088.95,4910.11,4936.64,0
SGSH,20210930,207.57,214.52,205.89,214.1,0
SGSJ,20210930,12.52,12.9,12.38,12.88,0
SGSK,20210930,117.81,121.44,116.55,121.2,0
SGSM,20210930,204.44,205.41,203.26,204.52,0
SGSN,20210930,2237.45,2248.11,2224.53,2238.4,0
SGSO,20210930,461.95,472.13,452.99,465.99,0
SGSP,20210930,1237.88,1265.14,1213.86,1248.69,0
SGSQ,20210930,3322.99,3396.18,3259.13,3352.02,0
SGSR,20210930,481.93,496.52,478.03,492.28,0
SGSS,20210930,8.4,8.66,8.36,8.58,0
SGST,20210930,92.09,94.88,91.41,94.07,0
SGSU,20210930,240.23,240.47,234.76,235.03,0
SGSV,20210930,73.05,73.12,71.36,71.47,0
SGSW,20210930,156.11,156.26,152.5,152.73,0
SGSX,20210930,475.88,478.27,473.23,476.19,0
SGT,20210930,2718.13,2746.36,2691.26,2733.48,0
SGTR,20210930,301.27,302.37,296.49,298.15,0
SGV,20210930,303.27,305.43,302.1,302.78,0
SGWT,20210930,198.21,198.89,196.29,197.9,0
SGX,20210930,554.51,560.31,549.07,557.7,0
SGY,20210930,479.47,481.58,465.98,469.15,0
SHTR,20210930,2263.14,2279.75,2225.93,2226.13,0
SIDO,20210930,2134.33,2143.82,2129.04,2133.37,0
SIFD,20210930,26.02,31.5,1.36,1.36,0
SIFI,20210930,31.5,31.5,15.06,15.06,0
SIIP,20210930,99.48,99.65,99.37,99.46,0
SIIS,20210930,105.13,105.31,105.01,105.1,0
SIIT,20210930,123.68,123.89,123.54,123.65,0
SIOF,20210930,38.35,39.72,26.02,26.02,0
SIOH,20210930,52.05,52.05,38.35,38.35,0
SIPR,20210930,1375.47,1382.6,1362.69,1379.26,0
SIRP,20210930,136.61,137.55,136.41,136.68,0
SITH,20210930,60.27,60.27,52.05,52.05,0
SITR,20210930,824.49,830.01,812.98,813,0
SITW,20210930,30.13,31.5,16.43,16.43,0
SIUT,20210930,5.37,5.49,5.31,5.49,0
SJPA,20210930,1890.88,1892.36,1875.22,1882,0
SJPB,20210930,1986.71,1988.26,1963.78,1973.19,0
SJPC,20210930,3480.05,3488.91,3457.78,3465.7,0
SJPD,20210930,1735.07,1736.18,1721.05,1727.32,0
SJRI,20210930,3287.63,3290.33,3232.78,3235.96,0
SJTR,20210930,3004.49,3055.25,3004.49,3008.78,0
SKFD,20210930,17.56,20.27,4.05,4.05,0
SKFI,20210930,28.37,29.72,14.86,14.86,0
SKOF,20210930,50,50,40.54,40.54,0
SKOH,20210930,58.1,59.45,52.7,52.7,0
SKTH,20210930,64.86,64.86,62.16,62.16,0
SKTR,20210930,908.95,914.92,894.45,894.5,0
SKTW,20210930,22.97,22.97,8.1,8.1,0
SLAC,20210930,4905.92,4959.47,4882.52,4902.93,0
SLCN,20210930,392.83,395.03,388.14,388.16,0
SLCT,20210930,556.37,559.48,549.73,549.76,0
SLCU,20210930,501.21,503.98,495.23,495.25,0
SLEE,20210930,148.66,149.84,147.89,149.07,0
SLER,20210930,65.4,65.91,65.05,65.57,0
SLEW,20210930,1678.79,1686.66,1651.78,1651.78,0
SLFD,20210930,42.3,46.15,26.92,26.92,0
SLFI,20210930,38.46,42.3,34.61,34.61,0
SLOF,20210930,34.61,34.61,34.61,34.61,0
SLOH,20210930,42.3,42.3,42.3,42.3,0
SLPE,20210930,1536.59,1549.79,1535.8,1539.22,0
SLPX,20210930,210.61,212.6,209.36,209.8,0
SLRT,20210930,73.13,73.71,72.76,73.33,0
SLTH,20210930,50,53.84,50,50,0
SLTW,20210930,46.15,50,30.76,30.76,0
SLUN,20210930,16130.31,16300.87,15743.26,15747.63,0
SLUT,20210930,18798.21,19298.8,18787.05,18952.13,0
SML,20210930,1356.18,1361.45,1331.69,1331.69,401778100
SMPR,20210930,1487.75,1493.46,1476.75,1489.79,0
SMRW,20210930,10042.55,10060.31,9829.53,9829.75,0
SMTI,20210930,1963.95,1970.03,1947.98,1965.19,0
SMTR,20210930,293.47,294.63,288.75,290.39,0
SNCH,20210930,156.01,158.12,155.77,157.95,0
SNCT,20210930,213,215.87,212.67,215.65,0
SNER,20210930,82.29,82.7,81.92,82.27,0
SNNE,20210930,3776.71,3796.38,3773.14,3773.66,0
SNNT,20210930,4948.4,4973.93,4934.55,4940.35,0
SNRE,20210930,2404.11,2431.66,2402.9,2407.87,0
SNRT,20210930,92.04,92.5,91.62,92.01,0
SNRU,20210930,2769.84,2799.62,2769.84,2772.58,0
SNTE,20210930,226.12,229.43,225.77,229.16,0
SNUI,20210930,161.78,162.59,161.04,161.73,0
SP500,20210930,4370.67,4382.5,4306.24,4307.54,2283948000
SPAA,20210930,78.59,80.05,78.23,79.74,0
SPAB,20210930,107.28,109.43,106.94,109,0
SPAC,20210930,59.29,60.25,58.88,60.02,0
SPAD,20210930,1167.28,1214.6,1167.28,1211.6,0
SPEE,20210930,221.5,223.24,221.18,221.18,0
SPER,20210930,1222.36,1271.91,1222.36,1268.77,0
SPEY,20210930,215.32,216.84,214.79,214.84,0
SPFD,20210930,65.62,65.62,9.37,9.37,0
SPFI,20210930,28.12,28.12,18.75,18.75,0
SPIN,20210930,251.72,257.3,251.72,255.82,0
SPIR,20210930,189.96,194.35,189.96,193.05,0
SPLR,20210930,685.56,701.42,685.56,696.71,0
SPOF,20210930,28.12,28.12,12.5,12.5,0
SPOH,20210930,37.5,40.62,18.75,18.75,0
SPPR,20210930,924.92,932.31,923.95,931.44,0
SPRT,20210930,2211.46,2301.12,2211.46,2295.44,0
SPTH,20210930,43.75,43.75,37.5,37.5,0
SPTW,20210930,40.62,43.75,18.75,18.75,0
SPUS,20210930,203.34,204.98,203.31,204.06,0
SPXT,20210930,9126.65,9150.93,8993.6,8994.83,0
SQTR,20210930,4328.13,4367.9,4293.5,4293.71,0
SRFI,20210930,634.9,637.84,624.58,624.6,280179800
SRIC,20210930,4693.48,4722.35,4658.75,4706.35,0
SRIE,20210930,5034.3,5077.33,4996.41,5053.98,0
SRMP,20210930,2533.56,2542.7,2493.56,2493.81,0
SRPR,20210930,205.39,206.12,203.15,203.15,0
SRTR,20210930,621.22,623.91,611.3,611.31,0
SRWI,20210930,11094.35,11130.95,10912.51,10913.62,0
SS1E,20210930,4257.42,4284.18,4182.16,4182.37,0
SS1J,20210930,1648.98,1656.56,1620.65,1628.3,0
SS2E,20210930,5248.58,5248.58,5102.1,5102.67,0
SS2J,20210930,5828.09,5846.21,5705.42,5705.57,0
SS3E,20210930,18684.26,18845.6,18394.67,18396.66,0
SS3J,20210930,5552.5,5567.57,5443.8,5443.9,0
SS4E,20210930,17714.79,17891.02,17591.89,17592.06,0
SS4J,20210930,5540.11,5574.18,5448.03,5448.42,0
SS5E,20210930,1643.43,1648.98,1626.8,1626.95,0
SS5J,20210930,1554.91,1563.69,1546.68,1546.71,0
SSAE,20210930,397.19,401.07,395.41,400.75,0
SSAI,20210930,674.65,681.24,671.63,680.69,0
SSAU,20210930,448.84,453.36,447.34,453.14,0
SSAX,20210930,6046.78,6054.97,5967.84,6021.36,0
SSBE,20210930,3188.09,3215.3,3164.31,3200.55,0
SSBR,20210930,2958.08,2991.64,2951.34,2981.5,0
SSCA,20210930,374.4,376.69,372.96,376.16,0
SSCB,20210930,285.45,288.69,285.41,288.26,0
SSCE,20210930,358.76,361.27,358.65,359.35,0
SSCH,20210930,630.41,636.23,626.71,635.17,0
SSCK,20210930,330.22,332.57,329.27,331.89,0
SSCL,20210930,233.29,235.36,231.3,232.58,0
SSCM,20210930,14754.63,14835.49,14591.96,14594.28,0
SSCP,20210930,241.98,243.8,241.65,243.28,0
SSCQ,20210930,559.44,567.58,559.37,566.53,0
SSCS,20210930,463.06,466.31,463.02,465.03,0
SSCU,20210930,462.71,467.28,461.12,462.2,0
SSCW,20210930,371.13,373.59,371.01,371.75,0
SSDI,20210930,1.22,1.52,1.22,1.52,0
SSEN,20210930,300.97,302.96,299.5,299.63,0
SSER,20210930,232.73,233.24,232.22,232.69,0
SSEW,20210930,451.86,453.49,447.54,451.21,0
SSFD,20210930,58.62,62.06,0.01,6.89,0
SSFI,20210930,31.03,34.48,13.79,13.79,0
SSGC,20210930,382.01,385.19,379.53,384.12,0
SSGD,20210930,5091.78,5091.78,5019.07,5021.49,0
SSGE,20210930,1766.66,1779.74,1751.75,1758.32,0
SSGF,20210930,1673.67,1681.88,1660.3,1661.77,0
SSGH,20210930,4732.68,4774.62,4701.48,4701.81,0
SSGI,20210930,8770.19,8849.07,8724.78,8724.96,0
SSGL,20210930,3318.58,3331.59,3293.15,3293.26,0
SSGM,20210930,3452.01,3480.12,3446,3446.32,0
SSGN,20210930,3569.61,3578.15,3526.85,3527.02,0
SSGO,20210930,420.86,427.78,411.41,421.99,0
SSGP,20210930,258.77,260.93,257.09,260.2,0
SSGR,20210930,468.12,471.95,465.01,470.63,0
SSGS,20210930,3398.81,3411.02,3361.53,3361.8,0
SSGT,20210930,1738.52,1747.52,1731.67,1732.15,0
SSGU,20210930,1790.76,1793.28,1770.52,1772.69,0
SSGX,20210930,400.85,407.44,391.85,401.92,0
SSGZ,20210930,725.24,737.16,708.96,727.18,0
SSHE,20210930,2031.84,2055.81,2028.73,2031.81,0
SSHJ,20210930,2295.58,2302.78,2277.19,2298.68,0
SSHX,20210930,4206.27,4234.15,4163.78,4163.98,0
SSIA,20210930,127.92,131.41,127.92,131.36,0
SSIB,20210930,37.22,38.24,37.22,38.23,0
SSIC,20210930,67.37,69.21,67.37,69.19,0
SSIP,20210930,122.17,122.96,122.08,122.78,0
SSIS,20210930,128.29,129.12,128.19,128.92,0
SSIT,20210930,151.89,152.87,151.77,152.64,0
SSLF,20210930,1398.25,1408.18,1398.03,1405.51,0
SSLS,20210930,228.7,229.29,228.15,228.77,0
SSMI,20210930,11726.42,11734.61,11586.3,11642.45,0
SSNI,20210930,299.13,303.6,299.11,301.08,0
SSOF,20210930,62.06,62.06,31.03,34.48,0
SSOH,20210930,75.86,75.86,68.96,68.96,0
SSPA,20210930,1737.75,1746.05,1729.5,1731.38,0
SSPE,20210930,1814.9,1829.58,1807.94,1811.4,0
SSPF,20210930,741.74,747.36,740.02,742.67,0
SSPI,20210930,3224.19,3294.72,3209.15,3209.95,0
SSPL,20210930,1607.85,1623.47,1596.63,1596.64,0
SSPN,20210930,9880.61,9906.12,9734.87,9735.84,0
SSPT,20210930,934.18,940.97,930.95,931.27,0
SSPU,20210930,1905.71,1921.29,1892.03,1893.67,0
SSRF,20210930,812.27,812.34,808.78,811.15,0
SSRW,20210930,13318.32,13318.32,12979.06,12979.47,0
SSTH,20210930,86.2,86.2,86.2,86.2,0
SSTU,20210930,480.04,481.66,475.19,475.23,0
SSTW,20210930,27.58,34.48,3.44,3.44,0
SSUC,20210930,404.71,408.3,402.04,407.15,0
SSUP,20210930,70.77,71.39,70.3,71.19,0
SSUT,20210930,128.07,129.19,127.21,128.82,0
SSWP,20210930,109.52,109.92,108.47,109.36,0
STCE,20210930,1424.3,1429.15,1414.15,1418.84,0
STCL,20210930,1383.65,1389.33,1371.34,1378.17,0
STFE,20210930,2256.14,2268.89,2237.69,2237.69,0
STFU,20210930,2192.63,2204.89,2172.73,2173.55,0
STI,20210930,3090.32,3097.59,3085.44,3086.7,0
STIC,20210930,1429.45,1447.75,1399.64,1447.75,0
STIF,20210930,2029.49,2040.06,2027.57,2027.85,0
STIL,20210930,1147.17,1168.94,1124.79,1153.19,0
STIR,20210930,2657.17,2672.77,2651.56,2654.67,0
STIS,20210930,1150.89,1186.57,1147.13,1186.57,0
STMP,20210930,202.9,204.09,201.73,201.9,0
STNC,20210930,749.51,752.07,747.79,749.8,28229700
STNU,20210930,797.97,798.76,795.41,798.28,28229700
STRA,20210930,198.97,199.78,197.78,197.78,0
STRB,20210930,145.55,145.78,145.07,145.07,0
STRC,20210930,169.78,170.26,168.99,168.99,0
STRD,20210930,138.59,138.73,138.23,138.23,0
STRL,20210930,5174.18,5232.92,5142.98,5168.57,0
STRN,20210930,8014.37,8035.69,7897.53,7898.61,0
STRS,20210930,90.13,91.21,89.65,91.2,0
STRT,20210930,430.46,431.53,425.95,425.95,0
STRU,20210930,1597.36,1603.27,1569.23,1569.23,0
STSI,20210930,365.49,372.6,358.52,363.54,0
STSU,20210930,1662.76,1671.45,1653.2,1669.3,0
STSY,20210930,1570.1,1575.99,1557.33,1573.62,0
STTR,20210930,3585.37,3621.14,3547.53,3547.84,0
SUCD,20210930,606.99,607.68,596.87,596.95,0
SUCS,20210930,535.94,537.52,526.03,526.03,0
SUEP,20210930,324.62,325.63,319.98,320.1,0
SUFD,20210930,71.42,71.42,14.28,17.85,0
SUFI,20210930,0.01,3.57,0.01,0.01,0
SUFP,20210930,284.81,286.13,280.18,280.19,0
SUHC,20210930,610.18,615.78,602.26,602.36,0
SUIP,20210930,529.63,531.65,518.41,518.43,0
SUJP,20210930,161.31,161.45,159.67,159.73,0
SUKP,20210930,1415.55,1426.02,1409.17,1412.07,0
SUKS,20210930,1159.46,1167.04,1156.29,1157.9,0
SUMI,20210930,463.11,466.16,455.71,455.75,0
SUNI,20210930,373.92,381.37,372.97,379.04,0
SUOF,20210930,14.28,14.28,10.71,14.28,0
SUOH,20210930,25,28.57,17.85,17.85,0
SUPI,20210930,417.77,419.24,413.84,414.32,0
SURI,20210930,374.8,376.25,368.41,368.43,0
SUTH,20210930,50,50,35.71,35.71,0
SUTP,20210930,380.36,384.27,377.83,377.83,0
SUTW,20210930,0.01,0.01,0.01,0.01,0
SVFD,20210930,33.84,44.61,6.15,6.15,0
SVFI,20210930,30.76,30.76,10.76,10.76,0
SVOF,20210930,61.53,66.15,47.69,47.69,0
SVOH,20210930,70.76,72.3,60,60,0
SVTH,20210930,70.76,70.76,64.61,64.61,0
SVTR,20210930,207.01,208.93,206.74,206.74,0
SVTW,20210930,18.46,20,3.07,3.07,0
SW0B,20210930,50.07,50.79,49.98,50.53,0
SW0C,20210930,96,97.05,95.88,96.68,0
SW0D,20210930,142.24,143.06,141.88,142.19,0
SW0E,20210930,156.34,156.66,155.21,155.4,0
SW0F,20210930,158.35,159.61,158.04,158.32,0
SW0G,20210930,208.27,210.73,208.24,209.77,0
SW0H,20210930,71.02,71.58,71.02,71.31,0
SW0I,20210930,254.18,256.88,253.35,254.67,0
SW1A,20210930,61.13,61.31,60.38,60.51,0
SW1B,20210930,533.33,537.22,533.28,535.77,0
SW1C,20210930,350.02,354.06,349.75,353.39,0
SW1J,20210930,97.55,98.08,97.3,97.86,0
SWFI,20210930,1544.83,1551.89,1520.01,1520.05,0
SWIB,20210930,3524.92,3554.43,3516.82,3525.96,0
SWIT,20210930,4109.68,4142.85,4084.51,4094.6,0
SXTR,20210930,946.67,949.85,937.82,938.84,0
SYFD,20210930,4.76,14.28,1.58,4.76,0
SYFI,20210930,39.68,41.26,31.74,33.33,0
SYOF,20210930,42.85,44.44,38.09,38.09,0
SYOH,20210930,52.38,53.96,42.85,42.85,0
SYTH,20210930,61.9,63.49,53.96,53.96,0
SYTR,20210930,1513.58,1516.94,1484.36,1484.42,0
SYTW,20210930,36.5,42.85,28.57,28.57,0
SZTR,20210930,5164.45,5176.72,5075.71,5080,0
TACK,20210930,9999,10447,9329,9523,0
TACX,20210930,-1,447,-671,-477,0
TICK,20210930,10002,11023,9008,9568,0
TICX,20210930,2,1023,-992,-432,0
TOOC,20210930,23384.86,23453.62,23238.66,23252.86,253270300
TQCK,20210930,9997,11021,9086,9895,0
TQCX,20210930,-3,1021,-914,-105,0
TRIA,20210930,1.28,1.48,0.19,0.62,0
TRIN,20210930,136.93,136.93,0.2,1.76,0
TRIQ,20210930,0.13,7.06,0.06,0.57,0
TTCD,20210930,259.87,260.07,254.98,255.2,4686400
TTCS,20210930,713.77,717.09,712,714.22,5004100
TTEN,20210930,143.84,145.98,141.97,144.61,43603300
TTFS,20210930,375.36,376.32,370.74,371.94,41239000
TTGD,20210930,262.8,267.07,262.15,263.7,77561700
TTHC,20210930,58.08,58.71,57.3,58.16,7135200
TTIN,20210930,368.78,370.54,363.72,364.1,26108100
TTMT,20210930,297.64,300.85,297.17,297.81,60386400
TTRE,20210930,367.83,368.57,364.33,366.36,11922700
TTTK,20210930,220.71,224.05,219.74,220.1,9725200
TTTS,20210930,190.04,190.3,189,189.48,10599500
TTUT,20210930,330.07,331.01,327.94,329.07,8487900
TWII,20210930,16886.57,16994.21,16767.2,16934.77,0
TXBE,20210930,215.95,219.78,215.95,217.65,68772000
TXBM,20210930,157.65,160.21,157.04,157.25,68772000
TXCT,20210930,215.08,215.77,212.45,213.42,5820800
TXCX,20210930,20184.18,20243.53,20057.99,20070.25,253270300
TXDC,20210930,154.07,154.36,153.03,153.12,188096000
TXDE,20210930,408.5,409.16,403.2,404.48,24358900
TXDV,20210930,317.18,317.57,314.63,315.21,93069200
TXEI,20210930,124.33,124.49,123.5,123.7,113845300
TXEW,20210930,193.34,193.9,192.29,192.41,117409800
TXFO,20210930,1204.74,1210.11,1198.36,1201.92,135860500
TXGM,20210930,93.43,94.64,93.43,93.47,197841200
TXOE,20210930,195.6,196.91,193.42,195.13,32902100
TXPR,20210930,696.14,697.68,696.14,697.68,1741600
TXSC,20210930,138.76,139.16,137.48,137.96,0
TXSI,20210930,192.96,194.22,191.69,191.9,25245300
TXSX,20210930,1211.29,1214.37,1202.46,1203.34,117409800
TXTW,20210930,754.07,759.1,751.28,754.53,93700200
UNCA,20210930,18,19,3,10,6681800
UNCC,20210930,63,143,63,139,24550600
UNCE,20210930,50,68,30,68,35296900
UNCN,20210930,89,89,40,53,65687800
UNCQ,20210930,183,183,103,133,82912500
UNCS,20210930,122,181,122,181,11428200
UNCT,20210930,290,290,158,196,155282100
UNCU,20210930,194,395,194,395,10415590000
UNCV,20210930,133,350,133,350,35390600
UNCX,20210930,318,671,318,670,71369500
UOI,20210930,52.47,53.26,51.33,52.58,0
UTY,20210930,844.29,844.35,833.55,834.93,0
UVCA,20210930,0.25,8.66,0.03,6.68,0
UVCC,20210930,2.42,25,1.36,24.55,0
UVCE,20210930,0.67,52.51,0.67,35.29,0
UVCN,20210930,1.47,84.27,1.47,65.68,0
UVCQ,20210930,1.53,82.91,1.53,82.91,0
UVCS,20210930,1.12,17.47,1.12,11.42,0
UVCT,20210930,3.27,166.41,3.27,155.28,0
UVCU,20210930,783.52,10415.58,652.04,10415.58,0
UVCV,20210930,3.81,35.39,3.81,35.39,0
UVCX,20210930,7.36,71.68,7.05,71.36,0
VLA,20210930,9513.98,9548.82,9392.5,9392.5,0
VLG,20210930,653.89,656.21,645.38,645.38,0
XAU,20210930,117.76,121,117.69,118.96,0
XAX,20210930,3221.28,3270.36,3209.04,3230.79,0
XDS,20210930,106.91,107.32,106.87,107.27,0
XOI,20210930,1108.48,1118.71,1099.37,1103.21,0
Y0FD,20210930,29.51,36.89,29.51,36.89,0
Y0FI,20210930,30.02,31.55,29.77,31.04,0
Y0OF,20210930,29.77,30.53,29,29.77,0
Y0OH,20210930,31.29,31.29,28.49,30.27,0
Y0TH,20210930,36.89,37.15,36.13,37.15,0
Y0TW,20210930,26.97,28.75,25.69,28.75,0
Y1FD,20210930,16.66,20.83,12.5,12.5,0
Y1FI,20210930,29.16,29.16,20.83,29.16,0
Y1OF,20210930,41.66,45.83,37.5,37.5,0
Y1OH,20210930,70.83,70.83,66.66,66.66,0
Y1TH,20210930,83.33,87.5,83.33,83.33,0
Y1TW,20210930,8.33,12.5,4.16,8.33,0
Y2FD,20210930,10,10,5,10,0
Y2FI,20210930,25,25,15,25,0
Y2OF,20210930,40,45,35,35,0
Y2OH,20210930,75,75,70,70,0
Y2TH,20210930,90,95,90,90,0
Y2TW,20210930,5,5,0.01,5,0
Y3FD,20210930,86,86,72.66,79.33,0
Y3FI,20210930,73,73,66.33,70,0
Y3OF,20210930,80.33,80.33,75.66,77.33,0
Y3OH,20210930,90.33,90.33,85.33,87.66,0
Y3TH,20210930,92.33,92.33,89.66,91.33,0
Y3TW,20210930,71,71,63,68.66,0
Y5FD,20210930,27.94,35.37,22.7,24.01,0
Y5FI,20210930,32.75,34.06,27.94,30.56,0
Y5OF,20210930,44.54,45.41,39.3,40.61,0
Y5OH,20210930,53.71,54.14,50.65,51.09,0
Y5TH,20210930,61.57,62,58.95,59.38,0
Y5TW,20210930,24.45,24.89,17.9,17.9,0
Y6FD,20210930,7.69,7.69,7.69,7.69,0
Y6FI,20210930,38.46,38.46,23.07,30.76,0
Y6OF,20210930,38.46,38.46,38.46,38.46,0
Y6OH,20210930,38.46,38.46,38.46,38.46,0
Y6TH,20210930,53.84,53.84,53.84,53.84,0
Y6TW,20210930,15.38,15.38,7.69,7.69,0
Y7FD,20210930,53.84,69.23,38.46,46.15,0
Y7FI,20210930,15.38,23.07,15.38,23.07,0
Y7OF,20210930,53.84,53.84,46.15,46.15,0
Y7OH,20210930,46.15,46.15,38.46,46.15,0
Y7TH,20210930,46.15,46.15,38.46,46.15,0
Y7TW,20210930,23.07,23.07,15.38,15.38,0
Y8FD,20210930,61.53,92.3,53.84,84.61,0
Y8FI,20210930,92.3,92.3,92.3,92.3,0
Y8OF,20210930,84.61,84.61,84.61,84.61,0
Y8OH,20210930,84.61,84.61,84.61,84.61,0
Y8TH,20210930,100,100,100,100,0
Y8TW,20210930,92.3,100,92.3,92.3,0
Y9FD,20210930,28.57,46.42,3.57,21.42,0
Y9FI,20210930,39.28,39.28,17.85,32.14,0
Y9OF,20210930,67.85,71.42,46.42,57.14,0
Y9OH,20210930,78.57,82.14,75,75,0
Y9TH,20210930,89.28,89.28,85.71,85.71,0
Y9TW,20210930,32.14,32.14,14.28,14.28,0
YAFD,20210930,25,71.15,25,44.23,0
YAFI,20210930,5.76,11.53,5.76,7.69,0
YAOF,20210930,3.84,5.76,3.84,3.84,0
YAOH,20210930,7.69,7.69,7.69,7.69,0
YATH,20210930,7.69,11.53,7.69,9.61,0
YATW,20210930,1.92,11.53,1.92,3.84,0
YBFD,20210930,22.22,22.22,11.11,11.11,0
YBFI,20210930,22.22,33.33,11.11,22.22,0
YBOF,20210930,11.11,11.11,11.11,11.11,0
YBOH,20210930,22.22,22.22,22.22,22.22,0
YBTH,20210930,22.22,22.22,22.22,22.22,0
YBTW,20210930,22.22,22.22,22.22,22.22,0
YCFD,20210930,40,43.33,3.33,6.66,0
YCFI,20210930,43.33,43.33,30,30,0
YCOF,20210930,66.66,66.66,56.66,56.66,0
YCOH,20210930,70,70,60,63.33,0
YCTH,20210930,80,80,73.33,73.33,0
YCTW,20210930,33.33,33.33,20,20,0
YDFD,20210930,22.64,60.37,22.64,28.3,0
YDFI,20210930,20.75,22.64,18.86,20.75,0
YDOF,20210930,18.86,20.75,16.98,16.98,0
YDOH,20210930,18.86,18.86,18.86,18.86,0
YDTH,20210930,22.64,24.52,20.75,20.75,0
YDTW,20210930,20.75,22.64,15.09,15.09,0
YEFD,20210930,20,20,12,16,0
YEFI,20210930,24,24,16,24,0
YEOF,20210930,48,52,44,44,0
YEOH,20210930,76,76,72,72,0
YETH,20210930,88,92,88,88,0
YETW,20210930,8,8,4,8,0
YFFD,20210930,10.52,15.78,10.52,15.78,0
YFFI,20210930,36.84,42.1,36.84,36.84,0
YFOF,20210930,52.63,57.89,47.36,52.63,0
YFOH,20210930,68.42,68.42,57.89,57.89,0
YFTH,20210930,73.68,73.68,73.68,73.68,0
YFTW,20210930,15.78,21.05,15.78,15.78,0
YGFD,20210930,28.57,42.85,14.28,28.57,0
YGFI,20210930,14.28,14.28,14.28,14.28,0
YGOF,20210930,28.57,28.57,28.57,28.57,0
YGOH,20210930,42.85,42.85,42.85,42.85,0
YGTH,20210930,57.14,57.14,42.85,57.14,0
YGTW,20210930,14.28,14.28,14.28,14.28,0
YHFD,20210930,18.75,25,12.5,12.5,0
YHFI,20210930,12.5,12.5,12.5,12.5,0
YHOF,20210930,18.75,18.75,18.75,18.75,0
YHOH,20210930,37.5,37.5,37.5,37.5,0
YHTH,20210930,50,50,43.75,43.75,0
YHTW,20210930,6.25,12.5,6.25,6.25,0
YIFD,20210930,32.65,40.81,20.4,24.48,0
YIFI,20210930,42.85,42.85,34.69,42.85,0
YIOF,20210930,55.1,57.14,48.97,51.02,0
YIOH,20210930,67.34,67.34,59.18,61.22,0
YITH,20210930,75.51,75.51,75.51,75.51,0
YITW,20210930,32.65,38.77,22.44,22.44,0
YJFD,20210930,41.93,70.96,35.48,41.93,0
YJFI,20210930,16.12,22.58,16.12,22.58,0
YJOF,20210930,22.58,22.58,16.12,16.12,0
YJOH,20210930,22.58,22.58,19.35,19.35,0
YJTH,20210930,25.8,35.48,25.8,29.03,0
YJTW,20210930,22.58,25.8,9.67,22.58,0
YKFD,20210930,39.39,69.69,33.33,42.42,0
YKFI,20210930,21.21,27.27,21.21,27.27,0
YKOF,20210930,27.27,27.27,21.21,21.21,0
YKOH,20210930,27.27,27.27,24.24,24.24,0
YKTH,20210930,30.3,39.39,30.3,33.33,0
YKTW,20210930,21.21,27.27,12.12,24.24,0
YLFD,20210930,27.94,35.37,22.7,24.01,0
YLFI,20210930,32.75,34.06,27.94,30.56,0
YLOF,20210930,44.54,45.41,39.3,40.61,0
YLOH,20210930,53.71,54.14,50.65,51.09,0
YLTH,20210930,61.57,62,58.95,59.38,0
YLTW,20210930,24.45,24.89,17.9,17.9,0
YMFD,20210930,20,35,5,10,0
YMFI,20210930,20,20,15,15,0
YMOF,20210930,15,20,15,15,0
YMOH,20210930,15,15,15,15,0
YMTH,20210930,20,20,20,20,0
YMTW,20210930,20,20,10,10,0
YNFD,20210930,26.92,34.61,22.22,23.5,0
YNFI,20210930,32.47,33.76,27.77,30.34,0
YNOF,20210930,44.87,45.72,39.31,41.02,0
YNOH,20210930,53.84,54.27,50.85,51.28,0
YNTH,20210930,61.53,61.96,58.97,59.4,0
YNTW,20210930,24.35,24.78,17.52,17.52,0
YOFD,20210930,29.65,34.3,20.34,23.83,0
YOFI,20210930,33.72,34.88,27.9,30.81,0
YOOF,20210930,48.25,48.83,41.27,43.02,0
YOOH,20210930,58.13,58.72,54.65,55.23,0
YOTH,20210930,67.44,67.44,63.95,64.53,0
YOTW,20210930,25,25.58,18.02,18.02,0
YPFD,20210930,28.57,42.85,0.01,14.28,0
YPFI,20210930,42.85,42.85,0.01,28.57,0
YPOF,20210930,42.85,42.85,14.28,28.57,0
YPOH,20210930,71.42,85.71,57.14,57.14,0
YPTH,20210930,100,100,100,100,0
YPTW,20210930,42.85,42.85,14.28,14.28,0
YQFD,20210930,27.9,32.55,9.3,19.76,0
YQFI,20210930,29.06,29.06,18.6,24.41,0
YQOF,20210930,50,51.16,39.53,41.86,0
YQOH,20210930,61.62,62.79,58.13,58.13,0
YQTH,20210930,67.44,67.44,65.11,65.11,0
YQTW,20210930,23.25,23.25,13.95,15.11,0
YRFD,20210930,24,28,13.33,21.33,0
YRFI,20210930,34.66,34.66,26.66,33.33,0
YROF,20210930,44,45.33,34.66,37.33,0
YROH,20210930,61.33,62.66,56,57.33,0
YRTH,20210930,74.66,76,70.66,72,0
YRTW,20210930,26.66,29.33,20,20,0
YSFD,20210930,41.66,48.33,28.33,33.33,0
YSFI,20210930,40,43.33,28.33,35,0
YSOF,20210930,51.66,55,46.66,48.33,0
YSOH,20210930,66.66,68.33,61.66,61.66,0
YSTH,20210930,71.66,71.66,71.66,71.66,0
YSTW,20210930,28.33,31.66,21.66,21.66,0
YTFD,20210930,23.07,33.13,19.52,20.71,0
YTFI,20210930,30.17,30.76,26.62,28.99,0
YTOF,20210930,42.01,43.19,36.68,37.86,0
YTOH,20210930,49.11,49.11,46.74,47.33,0
YTTH,20210930,57.98,58.57,54.43,55.02,0
YTTW,20210930,23.07,23.07,16.56,16.56,0
YUFD,20210930,21.05,73.68,21.05,36.84,0
YUFI,20210930,5.26,7.89,5.26,5.26,0
YUOF,20210930,2.63,5.26,2.63,2.63,0
YUOH,20210930,5.26,5.26,5.26,5.26,0
YUTH,20210930,5.26,7.89,5.26,5.26,0
YUTW,20210930,0.01,10.52,0.01,2.63,0
YVFD,20210930,29.52,69.52,29.52,42.85,0
YVFI,20210930,16.19,20.95,16.19,19.04,0
YVOF,20210930,17.14,18.09,15.23,15.23,0
YVOH,20210930,19.04,20,18.09,18.09,0
YVTH,20210930,21.9,25.71,21.9,23.8,0
YVTW,20210930,9.52,15.23,9.52,12.38,0
YWFD,20210930,30,54,28,36,0
YWFI,20210930,42,48,42,48,0
YWOF,20210930,44,46,44,44,0
YWOH,20210930,50,50,50,50,0
YWTH,20210930,54,56,54,54,0
YWTW,20210930,42,46,34,38,0
YXFD,20210930,40,66.66,33.33,53.33,0
YXFI,20210930,73.33,80,73.33,80,0
YXOF,20210930,60,66.66,60,60,0
YXOH,20210930,80,80,73.33,80,0
YXTH,20210930,93.33,93.33,93.33,93.33,0
YXTW,20210930,60,73.33,53.33,60,0
YYFD,20210930,40,43.33,3.33,6.66,0
YYFI,20210930,43.33,43.33,30,30,0
YYOF,20210930,66.66,66.66,56.66,56.66,0
YYOH,20210930,70,70,60,63.33,0
YYTH,20210930,80,80,73.33,73.33,0
YYTW,20210930,33.33,33.33,20,20,0
YZFD,20210930,24,32,12,24,0
YZFI,20210930,26,26,10,20,0
YZOF,20210930,52,54,42,44,0
YZOH,20210930,74,76,64,64,0
YZTH,20210930,84,84,80,80,0
YZTW,20210930,16,18,10,10,0
Z0FD,20210930,62.5,75,50,62.5,0
Z0FI,20210930,75,87.5,75,87.5,0
Z0OF,20210930,75,87.5,75,75,0
Z0OH,20210930,87.5,87.5,87.5,87.5,0
Z0TH,20210930,100,100,100,100,0
Z0TW,20210930,75,75,62.5,62.5,0
Z1FD,20210930,95.33,95.33,83.89,90.67,0
Z1FI,20210930,86.44,86.44,80.5,85.16,0
Z1OF,20210930,91.1,92.37,88.98,90.67,0
Z1OH,20210930,96.61,96.61,94.49,96.61,0
Z1TH,20210930,97.03,97.03,97.03,97.03,0
Z1TW,20210930,83.89,83.89,76.69,82.62,0
Z2FD,20210930,41.66,48.33,28.33,33.33,0
Z2FI,20210930,40,43.33,28.33,35,0
Z2OF,20210930,51.66,55,46.66,48.33,0
Z2OH,20210930,66.66,68.33,61.66,61.66,0
Z2TH,20210930,71.66,71.66,71.66,71.66,0
Z2TW,20210930,28.33,31.66,21.66,21.66,0
Z3FD,20210930,41.66,48.33,28.33,33.33,0
Z3FI,20210930,40,43.33,28.33,35,0
Z3OF,20210930,51.66,55,46.66,48.33,0
Z3OH,20210930,66.66,68.33,61.66,61.66,0
Z3TH,20210930,71.66,71.66,71.66,71.66,0
Z3TW,20210930,28.33,31.66,21.66,21.66,0
Z5FD,20210930,26.87,39.2,26.87,31.71,0
Z5FI,20210930,39.2,39.2,35.68,36.56,0
Z5OF,20210930,42.29,42.73,37.44,38.76,0
Z5OH,20210930,45.81,46.69,41.4,45.37,0
Z5TH,20210930,55.5,56.82,54.18,55.5,0
Z5TW,20210930,35.68,36.56,27.75,30.83,0
Z6FD,20210930,22.35,30.58,17.64,22.35,0
Z6FI,20210930,32.94,34.11,28.23,29.41,0
Z6OF,20210930,44.7,45.88,37.64,40,0
Z6OH,20210930,51.76,54.11,47.05,49.41,0
Z6TH,20210930,65.88,68.23,63.52,64.7,0
Z6TW,20210930,29.41,29.41,17.64,18.82,0
Z7FD,20210930,13.04,34.78,8.69,13.04,0
Z7FI,20210930,13.04,17.39,13.04,17.39,0
Z7OF,20210930,8.69,8.69,4.34,4.34,0
Z7OH,20210930,4.34,4.34,4.34,4.34,0
Z7TH,20210930,8.69,8.69,8.69,8.69,0
Z7TW,20210930,17.39,21.73,13.04,13.04,0
Z8FD,20210930,20,26.66,13.33,13.33,0
Z8FI,20210930,6.66,13.33,6.66,13.33,0
Z8OF,20210930,6.66,6.66,0.01,0.01,0
Z8OH,20210930,6.66,6.66,6.66,6.66,0
Z8TH,20210930,6.66,6.66,6.66,6.66,0
Z8TW,20210930,13.33,20,13.33,13.33,0
Z9FD,20210930,50,60,0.01,0.01,0
Z9FI,20210930,60,60,30,40,0
Z9OF,20210930,40,50,20,30,0
Z9OH,20210930,80,90,70,70,0
Z9TH,20210930,90,90,90,90,0
Z9TW,20210930,40,40,10,10,0
ZAFD,20210930,40,50,0.01,0.01,0
ZAFI,20210930,50,50,20,30,0
ZAOF,20210930,60,60,40,50,0
ZAOH,20210930,90,100,80,80,0
ZATH,20210930,100,100,100,100,0
ZATW,20210930,40,40,10,10,0
ZBFD,20210930,50,60,0.01,0.01,0
ZBFI,20210930,60,60,30,40,0
ZBOF,20210930,60,70,30,40,0
ZBOH,20210930,80,80,70,70,0
ZBTH,20210930,80,80,80,80,0
ZBTW,20210930,40,40,10,10,0
ZCFD,20210930,40,50,0.01,0.01,0
ZCFI,20210930,50,50,20,30,0
ZCOF,20210930,60,60,40,50,0
ZCOH,20210930,90,100,80,80,0
ZCTH,20210930,100,100,100,100,0
ZCTW,20210930,40,40,10,10,0
